150
16
808
0
0
0
0
0
0
37.2142
2.64635
27.1481
22.487
0
22.3755
0
21.3065
0
32.5213
0
35.503
16.5224
6.48478
24.8242
24.1467
22.7581
23.769
28.1257
0
37.5135
3.05588
26.8688
21.9294
0
22.5239
0
21.1403
0
32.842
0
36.5675
30.1912
24.6248
24.937
24.9587
20.5384
0
28.5353
0
36.984
2.05992
26.9672
22.1292
0
22.5976
0
21.6134
0
33.7169
39.6241
37.5853
30.9598
25.166
23.7163
0
21.6473
0
28.008
0
37.1706
2.3994
26.7241
21.9588
0
0
0
0
0
0
0
29.8165
32.6092
30.2465
22.6502
25.2488
21.0539
4.53159
37.9493
27.9197
26.6658
35.8839
32.4557
25.9453
11.0382
24.3149
23.0024
22.2075
31.3249
35.3961
29.2584
26.9367
30.6352
18.2089
24.2741
2.77663
36.8893
32.1522
22.6293
32.22
39.3773
20.8786
28.4213
24.8183
25.0175
24.3315
23.8387
36.9914
27.9363
24.8297
37.5031
36.0017
17.678
16.5282
32.7685
36.6057
23.0954
23.7755
29.2329
21.0168
37.8682
37.3383
32.9654
25.8296
26.0436
34.4914
36.254
24.7941
28.5697
32.9897
0
32.3934
32.3595
30.0159
22.6719
24.0734
28.2005
19.618
28.5028
34.698
40.7987
37.9224
28.4443
31.9386
33.1909
21.5826
23.3972
21.123
6.48784
38.7503
28.3209
19.5284
29.0808
26.0444
34.458
25.3164
25.4155
26.759
39.0183
33.0765
38.7956
27.1776
20.8243
21.7385
25.7946
22.5376
3.12111
36.8897
26.5751
18.602
37.1238
41.236
33.616
22.718
25.0567
24.183
34.8517
24.2337
38.2576
28.7544
27.6954
35.7107
27.2039
22.8195
4.49477
35.9257
35.9008
20.5742
28.4429
34.9308
23.1711
36.1482
30.3161
23.7456
26.513
25.3716
36.0022
31.3603
25.2796
31.6274
37.6462
5.97098
28.5107
31.9264
33.2249
23.3823
23.3173
25.2786
20.8783
33.2712
39.3677
40.6994
30.794
25.3453
36.4624
23.4601
20.7985
19.1179
27.9444
3.17842
34.1479
32.0604
27.2888
16.3959
19.3478
25.8136
18.4687
20.6121
11.4457
31.5494
18.6867
30.6514
33.1204
20.4717
28.3092
18.7197
20.389
1.57574
37.8829
28.6924
36.1805
21.8048
32.4065
28.0056
15.5425
23.3437
35.3988
21.6006
16.2149
36.3507
30.6482
35.0663
26.1392
15.5156
24.3656
4.2648
37.7332
27.0252
29.6901
21.7594
40.317
22.3342
27.9513
22.7884
33.0382
23.8752
14.5187
36.8402
25.7174
33.7828
20.6106
35.2184
17.6349
15.4904
32.169
23.7372
25.6556
20.5256
28.8358
20.443
36.9461
11.4793
29.6899
23.1123
0
25.8741
20.3655
20.8033
18.8734
6.84452
0
37.0417
17.8137
0
0
0
26.5391
21.637
0
33.0399
39.111
6.77578
28.2908
25.985
18.5861
18.9823
17.2356
0
0
33.9217
0
0
0
19.0793
29.1003
21.6897
11.5151
23.789
28.0149
11.1503
36.6788
20.8908
18.3509
18.0996
0
0
0
22.289
0
0
0
38.0137
23.9132
10.8807
0
26.0746
19.9257
0
28.0647
20.0488
38.5494
16.5353
26.5232
22.0533
0
22.198
0
20.7469
0
31.9954
20.0545
35.2756
19.8553
26.9278
20.4268
24.3016
27.8643
22.0567
31.3505
19.3538
37.114
4.8847
26.6533
22.1291
0
22.3479
0
26.7152
19.7643
32.9636
21.8497
25.9984
27.7911
26.3608
27.8183
36.8572
20.8885
25.8202
28.2467
0
37.2082
2.61236
21.8054
5.09607
23.3731
25.286
23.0261
22.9917
34.2569
35.2902
40.0303
34.8751
21.5704
25.0972
18.2098
22.5918
21.1157
0
28.336
0
22.718
35.3578
27.5512
25.9335
17.2443
23.4503
27.7836
27.2132
30.7532
34.8016
20.323
22.0353
29.0963
22.7429
23.355
0
21.6537
27.8364
22.4377
32.2397
37.39
22.234
29.2564
23.3451
29.5693
26.5267
22.9975
27.4938
17.0775
23.6861
37.08
36.0429
15.9763
6.92441
28.6164
37.5389
9.24481
21.0472
27.303
23.2514
38.3189
37.6764
29.3825
21.2187
26.2924
26.4232
35.7172
16.5091
27.9884
32.908
2.49214
36.3654
22.2089
28.194
0
22.4342
17.2084
0
29.094
34.8102
38.5941
37.5495
30.4004
29.8463
32.9986
0
21.1279
21.213
0
32.2176
29.9696
23.8295
27.5349
23.4027
23.7186
3.18384
21.5008
22.9463
30.0206
35.3067
37.9456
19.5631
21.6155
5.02041
23.9241
22.5763
0
28.5248
10.2288
24.0874
37.0828
34.2027
24.9547
9.0087
24.8389
24.2141
19.1089
23.8679
28.1812
21.5725
24.497
35.2545
28.4004
21.994
0
28.4523
35.8075
17.8177
27.9725
33.1858
31.2943
36.9102
30.3223
25.2005
32.0344
25.1175
27.7227
28.1439
22.7398
32.3496
37.8567
5.01655
28.3114
28.6296
32.8539
0
21.004
29.6125
3.84654
34.1844
39.6246
36.8415
34.9372
25.8467
29.0085
37.5221
6.72463
21.0758
28.0098
0
37.8856
30.3097
21.525
5.90666
23.4098
20.6001
0
22.3435
29.8076
34.4159
39.9577
36.0258
25.1297
28.2836
0
23.2819
21.3168
0
29.3053
3.47643
24.1429
35.277
28.0703
21.1133
0
23.8612
22.9856
22.2103
30.087
31.7794
28.8511
35.4718
16.5785
2.63376
23.1699
0
25.2019
15.2095
27.4908
0
36.3695
24.9884
27.8273
22.3205
32.8205
22.7114
0
28.0489
3.40851
32.9625
0
35.2253
16.7186
6.51806
26.299
4.51224
21.2262
0
28.4619
15.8589
37.3276
2.43709
28.6823
23.2056
0
26.7882
6.18156
20.257
0
32.2859
0
35.9835
29.9699
8.66393
23.3645
0
15.8156
8.86703
28.3251
0
37.4412
19.3778
29.1505
27.3447
6.5896
23.2435
5.93647
21.2272
0
31.4865
6.96866
34.8925
16.2244
8.03878
22.0399
0
21.4843
27.8813
27.6198
0
36.9967
20.1964
19.7742
20.0509
19.4008
0
0
23.163
0
0
0
34.9351
19.7091
14.2289
0
22.5511
26.6126
0
26.9413
22.1624
20.8531
19.2053
6.50844
0
0
24.1705
0
0
0
30.0704
22.5769
21.8767
30.2506
26.7372
27.7893
10.3306
20.1159
20.7348
20.5449
13.7811
0
0
28.8361
23.8681
0
0
0
26.7639
21.4699
0
36.5748
37.0336
16.4222
13.3701
28.0069
21.0168
24.155
0
28.1591
0
37.1793
3.41557
26.3054
22.0573
0
23.3581
20.564
22.0483
27.4747
29.6319
38.3079
34.823
21.3048
19.7098
25.1106
16.8161
21.1067
0
28.3953
0
37.1241
5.44452
29.2514
27.5029
20.2267
22.9982
35.709
23.417
29.0513
34.7756
19.6074
19.0673
29.0072
23.5933
23.2936
0
21.4785
27.8436
22.3371
32.2656
39.6596
24.66
28.3313
22.4864
27.2532
27.7673
25.0902
26.3412
22.3747
24.8819
37.2855
36.0044
15.9556
4.6719
23.5066
37.5852
4.10969
21.0984
24.985
19.9853
38.3132
36.5193
31.8535
25.8908
25.7669
21.5136
20.9006
20.2387
0
0
0
0
0
0
0
0
20.7608
19.7515
0
26.8075
23.4303
12.8561
5.09339
0
0
0
0
0
0
0
0
0
0
0
0
0
0
0
0
0
0
0
0
0
0
0
0
0
34.8311
0
27.6889
15.9082
0
22.4981
0
19.4288
0
30.3353
0
34.4596
11.0848
14.8475
20.8695
24.2754
21.7904
21.9579
23.2313
0
35.0863
0
27.2791
15.2697
0
22.6721
0
19.265
0
30.7367
0
35.4247
30.5241
20.0709
21.0145
25.0504
20.635
0
23.3604
0
34.5737
0
27.4362
15.4698
0
22.5661
0
19.7471
0
31.6053
36.8432
36.1602
31.4118
20.3147
19.8485
0
20.6937
0
22.7333
0
34.7469
0
27.1557
15.3521
0
0
0
0
0
0
0
32.7418
10.1651
23.7018
4.81119
22.6516
20.4329
9.39074
22.7213
7.54809
23.0972
34.326
28.4877
17.8289
15.5119
23.9813
21.9115
27.6729
25.4341
31.8865
9.06508
21.1238
28.7145
18.2107
19.1309
4.42936
21.2676
27.8026
13.5802
30.0329
34.6991
17.0308
31.0636
19.8163
21.2176
23.9891
22.8651
19.8741
14.5261
19.5884
34.8644
34.4626
9.98976
15.7412
20.2381
35.2048
5.90417
19.5271
28.454
13.5805
35.274
36.4646
30.5395
20.2271
22.0538
24.7086
34.3937
10.5776
22.7488
30.3664
9.52842
32.1138
10.5879
23.2165
4.64451
22.2222
21.2463
16.5354
24.0555
32.1931
36.4709
37.1091
32.8249
31.7099
31.2611
21.7022
23.6779
20.0657
13.2674
30.8946
24.6899
19.0674
27.6404
18.9792
19.7433
7.75286
21.6788
21.1059
24.6215
32.8431
35.1587
27.201
21.8162
20.3817
23.2183
22.7881
5.5041
34.7559
20.359
11.5828
34.6616
33.2867
12.2637
19.2977
21.2045
24.3509
21.7169
21.9506
24.0128
9.39736
23.8836
34.2007
28.9312
15.3867
0
23.5882
34.7006
11.1228
22.7245
30.3171
15.0729
32.9678
31.0235
18.7651
21.8678
25.327
21.6715
28.3103
14.3536
29.9884
35.0204
5.18205
28.3239
13.5736
30.3123
1.52656
20.1571
23.1901
14.3346
31.5608
36.8409
35.392
31.3247
19.2418
22.675
6.03433
20.7792
7.74051
22.9157
12.8663
33.5138
3.7412
27.9139
14.9287
0
22.896
17.3211
19.7856
14.1128
30.2006
15.6
32.1678
8.05491
14.7981
20.9849
0
20.2235
7.70995
23.1504
0
34.5933
1.14718
28.6434
15.9966
16.6514
22.9869
34.6425
27.534
12.7343
31.7231
10.7592
34.2814
9.34984
13.238
19.7594
0
20.6296
0
22.796
0
34.7007
16.471
26.8723
17.448
30.6629
23.5916
18.2542
18.5528
9.0079
30.9942
4.75706
33.9045
12.209
17.0576
19.6071
2.94606
20.0937
5.18925
27.6911
11.514
35.0756
8.13996
30.4867
16.4596
0
36.334
35.9241
32.5912
30.5246
21.4
5.49323
35.958
12.2816
0
0
0
37.6827
35.8002
12.2576
36.7085
38.8785
17.6518
28.6907
33.5344
33.2989
31.4214
30.4278
6.34033
1.90392
32.0336
0
0
0
20.8358
34.4243
33.1533
21.0693
35.5913
36.4404
11.4208
34.8758
33.4545
34.1965
30.5761
0.811035
1.24233
0
21.1079
0
0
0
39.3219
33.9938
22.046
4.19681
33.9307
35.0761
11.8653
33.8464
33.4201
36.0072
27.9311
28.1666
15.2162
0
22.4041
0
19.2575
0
36.8497
32.7949
34.3309
30.4492
31.9452
24.8308
24.1761
34.4173
36.1759
35.3475
33.509
35.426
7.80101
27.4794
15.7465
0
22.574
0
36.6608
32.6199
30.8544
35.8745
36.3478
29.2552
25.5977
36.629
38.6934
34.3654
30.4071
22.9425
4.11648
34.9162
0
19.489
12.3861
19.4892
31.6943
31.0357
20.9164
37.2466
38.8527
37.8804
35.0171
35.5637
33.1785
30.4104
22.8126
19.8666
0
22.9373
0
22.9403
34.0308
33.3823
35.9425
29.909
24.2558
38.0797
34.7628
25.8283
35.7062
33.4374
30.6494
34.1166
18.4043
19.4498
0
20.3961
28.1027
15.8349
29.9965
36.7758
36.2527
33.228
20.9729
33.6741
28.6287
22.0798
21.1299
16.5242
19.514
34.7545
34.5171
13.0938
14.5257
21.2103
35.1934
2.86203
19.4499
25.4172
13.4743
36.2534
36.2726
30.8841
18.6101
22.6339
21.9049
34.5706
11.0927
22.6864
30.2866
19.2776
34.7682
16.7726
25.6403
2.80079
22.5232
19.2963
0.776004
23.9373
32.1977
36.5895
36.9402
30.7881
19.0356
30.76
0
20.1906
19.3533
0
30.3357
16.7751
20.4246
27.508
19.1548
14.397
5.64476
21.2068
20.7557
24.4434
32.8354
35.906
13.3333
19.6636
16.1481
20.603
22.6314
2.43264
19.3707
13.7492
19.7594
34.8198
34.5081
15.9902
15.5905
20.853
24.3364
21.3815
21.5689
24.001
21.8059
24.3892
34.0554
28.8387
16.3029
9.75009
28.2872
34.7884
16.2092
22.872
30.3915
18.0383
35.6607
30.6887
20.6806
21.8486
25.149
26.8056
27.6934
16.0539
30.5735
35.0131
14.3032
28.0774
26.3925
31.0238
3.38341
20.2043
21.9505
0
31.6856
36.8294
36.6945
32.2792
21.1016
21.2531
35.2597
0
19.2287
22.8726
0
34.9439
17.4865
20.201
14.2126
19.4604
17.8514
3.09045
21.2797
24.6905
31.2582
37.5584
35.8286
19.3372
23.3204
0
23.2795
20.3717
0.0894781
23.1829
0
24.7844
34.2057
29.0923
14.6275
4.30317
23.9267
21.9696
23.0775
25.3682
30.5848
16.0704
34.2349
10.1995
15.0377
20.1493
13.2717
20.6365
2.87708
21.9038
0
35.5706
18.9157
28.0151
15.6156
30.6549
21.5316
3.68933
19.4378
1.44575
30.6204
7.7475
33.8815
15.8342
14.6603
20.8167
0.175191
20.2934
0
23.8534
2.23018
35.0939
0.0556626
30.3692
9.45752
2.80606
22.031
0
19.8704
0
30.0891
0
34.6588
17.1851
14.9081
19.251
0
20.273
1.52612
24.7746
0.647091
34.4697
4.36254
28.9654
20.6303
4.21409
23.2498
7.30642
19.3329
0.467669
29.8624
0
33.9456
10.4885
13.8796
14.6245
0.539707
20.6205
28.1286
23.0665
0
38.0988
33.0393
32.5655
34.3322
33.8197
9.00528
6.88467
21.27
0
0
0
32.4537
32.3903
30.2311
8.85438
32.9666
33.7404
8.57971
37.2438
35.5559
34.4818
34.5686
20.3233
5.98029
1.83764
24.3411
0
0
0
36.0576
31.6954
23.1016
31.6517
35.9152
31.23
9.84622
36.72
35.1031
34.3098
25.7549
6.31144
0
29.1789
17.2792
0
0
0
35.9341
35.2217
9.52732
39.6436
36.5012
31.0008
16.6617
35.5031
32.394
31.6584
6.381
22.6769
0
34.5481
0
27.4275
15.4968
0
36.45
36.0135
20.0382
37.7028
35.4246
35.787
38.0052
33.0598
32.306
33.8848
30.7718
20.0829
2.75081
23.1114
0
34.7153
0
28.0419
35.758
34.3649
22.3802
35.9653
32.0456
24.1898
35.8849
32.5755
33.1301
35.9271
24.9408
19.1327
2.732
20.451
28.08
15.636
30.0731
36.0745
31.5775
29.7807
15.556
35.0249
31.619
23.0006
35.7902
32.6453
34.3079
34.9126
34.5752
10.4869
13.4792
19.3607
35.2585
1.79874
19.3215
35.0797
34.0376
36.0188
36.0372
35.2091
33.6409
22.2823
36.8158
34.8667
35.2594
14.3055
5.14629
0
2.52257
0
0
0
0
33.1368
33.4042
8.2362
37.5259
36.9559
14.6925
6.29664
0
0
0
0
0
0
0
0
0
0
0
0
0
0
0
0
0
0
0
0
0
0
0
0
0
29.0594
0
27.3752
7.24182
0
7.13156
0
11.5321
0
20.7843
0
31.3057
0.906796
16.2645
10.1356
8.89461
7.90851
13.9075
16.0383
0
29.5495
0
26.9637
6.62725
0
7.27244
0
11.3415
0
21.7059
0
32.3263
29.0224
18.2973
10.459
9.79726
6.15775
0
16.4836
0
28.9779
0
27.0522
6.83239
0
6.84998
0
11.8637
0
22.6453
30.7268
32.4782
29.3446
16.2544
9.08912
0
6.50222
0
15.8154
0
29.1725
0
26.8826
6.73414
0
0
0
0
0
0
0
32.1625
18.9835
17.7651
15.6263
20.3145
24.3838
27.8099
24.8864
16.0685
29.1203
30.7958
27.9967
7.04674
0
8.77634
7.85106
13.0998
18.3542
25.5645
16.8533
13.8602
29.0503
16.4845
11.4283
27.4941
24.613
28.4169
7.46345
21.4617
29.7632
0
30.091
19.0408
11.2231
9.15177
8.64557
24.7303
23.9965
9.12016
29.916
30.8564
17.7134
16.8955
15.5512
29.4031
29.8973
25.8425
15.7964
0
30.0101
32.6432
29.1487
18.9433
11.3247
20.6131
32.4731
3.70724
29.8585
25.3126
24.7658
31.8447
19.351
34.3047
29.7488
15.9835
5.85811
0.384812
17.3595
22.804
31.6076
33.62
31.0739
19.0713
21.6031
3.75688
22.3251
24.8754
28.0175
30.1314
17.1452
30.3972
26.7493
13.8618
19.5461
16.9317
12.2391
12.1157
27.6492
23.348
30.382
19.0972
10.8502
20.9819
9.0363
6.46503
26.6577
23.7064
22.2634
12.4428
29.0959
28.0472
14.3301
22.9106
8.16071
12.7176
19.6471
17.6584
25.1771
22.2763
12.1955
33.4604
27.2605
12.177
6.74499
20.772
31.319
27.7896
28.5897
21.4139
0.320978
32.5474
28.9729
17.1492
10.3678
14.2542
23.4763
28.9766
7.28639
29.9317
29.6066
23.6178
28.0105
17.7729
31.5722
30.8894
19.8654
11.734
0
22.6286
30.829
33.5295
29.8104
18.7029
20.2072
20.7275
9.98537
24.7983
21.2701
28.5026
32.4805
18.9427
32.9702
8.6593
4.29996
8.3142
0
11.7384
15.3068
23.0161
0
32.461
15.1427
19.0026
13.8819
7.17527
8.03924
18.1563
24.6918
19.1136
28.9374
8.34396
28.053
7.80347
13.936
10.4618
31.3692
12.9523
0
25.7995
22.3927
31.4171
25.1443
22.3966
16.5226
6.8683
24.4649
20.3476
26.8348
29.9865
30.9895
1.76138
28.5831
13.5449
20.1766
9.38694
0
27.6347
26.1793
21.7897
29.6219
32.0765
21.4936
21.544
17.1479
23.8767
31.7121
19.2973
16.2217
0
29.4658
0
29.0289
9.86713
0
31.8462
29.7536
26.6098
24.6255
17.368
4.60041
32.7587
2.03244
0
0
0
29.3969
30.2342
19.6021
31.3775
34.7806
21.6404
24.1587
27.957
28.4203
28.6946
30.1637
16.1961
10.4791
23.2361
0
2.52772
0
22.2926
39.3757
38.6268
25.0213
27.708
27.0948
11.5505
31.3001
33.3091
31.7154
26.9863
15.7456
10.522
5.90325
14.4517
0
5.14412
0
32.2388
28.741
21.7254
14.0026
30.4701
32.7803
23.6146
30.2968
29.929
31.8154
24.5938
26.9092
10.259
4.13654
7.47916
0
11.4393
0
28.9407
29.6292
31.4604
28.8278
30.971
18.9234
15.3579
28.382
29.6842
29.3746
29.5817
30.8451
14.2827
26.9512
7.22988
0
6.73615
0
31.0098
30.2435
21.5179
27.0166
29.0311
29.2793
19.094
31.904
31.1365
29.2184
25.1758
15.8873
9.02123
29.2614
1.19554
11.4323
14.465
8.69412
36.0844
36.2117
24.0753
30.9409
30.3254
31.1077
33.0001
29.3287
27.7852
25.9873
11.0364
6.3178
0
16.4033
0
12.8075
30.8512
31.1647
30.7707
28.5281
18.8108
31.2206
29.4892
22.249
28.2186
29.9457
30.8323
33.8782
21.9329
12.2782
8.03444
13.2098
27.3137
7.0567
21.0025
34.5637
30.4004
31.5313
18.695
28.7889
23.2897
17.043
28.9339
16.7361
10.1806
29.4296
30.5847
30.9714
21.0068
12.9942
29.6561
23.2742
11.3378
15.255
0
30.3629
32.9339
28.8319
19.4496
18.5199
12.4613
31.296
0
21.0667
20.7261
15.5004
30.9911
3.51947
19.2308
11.8306
5.7938
10.8835
0
18.7923
23.0805
30.8929
33.2105
27.7925
16.1802
21.6442
0
27.9848
11.5418
9.27638
19.2943
3.48843
23.8266
34.2371
15.0054
11.6633
2.73118
13.7266
13.3118
18.6123
23.4897
29.4599
21.6996
13.3986
23.499
31.1372
9.16456
17.7341
21.7839
15.9624
34.3242
28.1388
31.8668
3.51541
16.8545
10.3569
8.77131
12.1431
16.1204
26.8402
10.5675
9.53341
31.0361
27.8629
29.709
25.0058
12.5389
31.2502
26.3655
15.8115
21.966
7.9916
32.1728
28.5558
18.9149
16.8753
10.9615
12.0394
27.3704
6.34335
21.6729
28.9438
14.7415
29.9529
12.4829
21.2689
4.85179
8.03978
17.0304
0
22.6705
31.1211
32.4595
30.0613
17.1719
23.3613
29.449
0
28.6965
15.5416
8.89812
29.2128
3.70841
24.9855
31.6876
9.1164
13.2268
0
16.188
16.7031
22.7796
31.5237
29.9834
17.8305
18.6466
11.0722
31.9661
5.27533
19.8884
17.9443
0
34.8453
29.8325
27.9263
8.58331
0
8.61836
7.78309
12.6789
19.021
28.6114
9.38633
31.2979
29.0157
25.1552
26.7584
21.6137
15.0256
0
28.0923
0.149343
29.9169
0
27.5963
7.06975
21.6519
13.1984
0
16.5974
6.37986
21.627
24.9226
30.9448
17.1813
26.335
9.71692
8.23595
7.95012
4.28738
14.9772
0
28.5589
7.26517
28.9426
9.12115
7.48899
23.3499
2.30026
11.7933
28.3068
21.2009
9.84017
30.8194
4.6357
18.2967
30.5783
17.2794
12.0206
0
17.9523
9.75293
30.5546
0
26.5621
14.2916
21.2832
7.44768
31.8188
13.9094
21.4132
22.1948
2.25494
32.2887
24.741
19.1108
11.8718
0
7.21283
27.3083
16.6051
1.1281
32.7459
28.9161
28.1304
27.2094
26.8698
14.1023
9.99732
13.2405
3.2955
3.1988
0
31.6637
30.1173
30.8903
18.2206
29.4795
28.0681
17.6957
27.9495
29.8923
30.4626
30.025
23.8002
13.1294
9.26471
8.45866
0
0
0
37.7883
36.4699
28.744
32.509
30.2233
25.0795
13.7196
33.0663
32.3894
28.8971
21.1877
16.8251
8.51999
28.5849
8.47436
0
0
0
27.7611
29.1555
17.6978
32.7242
36.8737
30.1696
24.6528
30.2664
28.7506
25.7829
14.9666
16.5833
5.30601
29.1594
0
26.4754
7.37013
0
31.0066
32.1102
19.5092
28.5018
27.401
29.9915
31.641
29.4852
30.3868
30.6592
27.1334
13.9556
8.75392
15.6408
0
29.1165
0
29.7024
30.5585
28.4248
18.0558
33.7577
28.4301
18.138
30.4023
31.1955
27.5042
31.0625
21.5208
9.23601
6.09023
10.8743
27.2041
9.18691
21.0502
30.3517
36.0076
30.9932
23.4222
32.0674
29.6053
14.7935
28.1
29.6356
29.3491
31.9675
31.2016
8.66012
16.9692
8.03639
29.4286
0
11.3601
31.0097
33.1017
30.2616
34.3321
33.0322
29.8107
18.0744
31.3515
32.0243
31.5137
20.6335
14.5508
9.66206
16.5722
2.78448
0
0
0
29.0612
28.738
17.9748
28.9842
29.4836
12.2991
10.842
6.17796
0
0
0
0
0
0
0
0
0
0
0
0
0
0
0
0
0
0
0
0
0
0
0
0
21.9239
0
23.4024
0
0
0
0
3.64279
0
13.0313
0
25.5411
0
15.0388
0
0
2.46168
8.06898
6.75893
0
22.3479
0
23.4322
0
0
0
0
3.75904
0
11.0433
0
26.885
26.0942
16.8165
3.49376
0
0.461984
0
7.4258
0
21.0813
0
23.2383
0
0
0
0
3.99877
0
10.4856
23.3193
26.7849
26.0964
14.2799
0
0
0
0
7.69806
0
21.9855
0
23.3136
0
0
0
0
0
0
0
0
29.0048
1.13091
7.35016
7.70708
9.91259
10.9959
21.759
8.3555
0
21.2107
25.5256
22.0307
0
0
0
1.44663
6.04306
9.56225
10.1661
0
3.09182
25.031
14.6995
16.1168
18.9608
6.58241
23.8673
25.9713
17.2497
21.7167
0
32.7176
29.3545
11.9661
0
0.161853
31.9173
19.3328
0.147689
22.3977
24.4925
17.4562
14.6754
1.94027
21.6839
15.9147
9.08043
7.3653
0
21.6503
28.5187
24.3893
17.3549
12.9906
28.0093
26.2006
0
14.8829
21.0232
30.4203
26.1151
0
30.3009
21.8524
14.9096
4.1365
4.63235
9.43865
11.22
28.2367
29.7253
29.6831
17.7961
16.5571
1.40263
14.8965
12.5959
21.1304
16.1196
6.67479
21.1191
22.9123
12.8341
0
0
0
5.31607
8.56364
11.5949
26.7902
13.3999
1.69527
19.9389
3.41831
9.11426
19.4254
14.093
18.664
20.8614
21.871
25.4121
0
30.4685
26.4591
15.2525
6.12728
4.53948
31.2345
23.1378
4.59822
29.6775
25.5711
22.7484
14.4888
2.39772
25.7569
18.4573
10.8725
21.3435
1.2032
25.4844
27.954
14.9896
0.972302
25.2348
28.6672
28.5323
0
12.6552
22.0496
30.6508
24.4238
1.92127
30.8259
23.763
19.4646
3.9661
0
11.8093
23.318
26.6299
27.0066
17.146
12.8914
0
0
11.8053
8.74877
21.3255
20.9784
0
24.0006
6.24917
0
0
0
3.95635
14.3272
22.0401
0.838438
25.2327
0
14.3282
13.1219
7.04403
0
12.0921
6.85721
0
27.9321
20.6615
23.0761
0
24.3364
25.1103
24.8098
8.74032
3.55521
29.7285
26.119
25.612
24.4449
17.1291
17.316
15.3829
3.37609
0
18.3737
5.23126
21.0987
0
22.2418
26.1311
9.42461
2.50217
4.34311
31.1254
24.4709
9.77486
19.3768
26.7577
27.3288
18.982
7.11744
23.8414
22.2636
17.0026
14.5753
5.01746
22.3153
0
26.0163
9.45222
20.9457
31.6695
30.8605
29.9273
29.3844
23.8022
16.1147
28.0839
10.0537
3.66818
0
0
30.5866
30.915
19.6974
33.2504
30.4914
24.9456
27.8276
31.4532
35.5047
33.0911
29.7623
18.0113
13.2955
14.0322
8.85317
7.39122
0
19.645
30.2688
27.7017
5.71363
28.4693
26.6519
20.9911
34.4905
32.6787
30.7484
33.2722
21.5768
15.9558
11.883
14.9882
6.42517
7.19805
0
29.9751
30.5229
24.7965
16.2133
33.133
32.6614
19.9791
34.5694
31.6432
31.2343
26.0184
24.991
10.6771
7.1569
12.6088
0
3.50942
0
34.394
34.1707
28.6118
24.97
33.4958
21.7549
25.2517
30.0126
30.4867
30.793
31.2235
29.9417
18.3504
23.3536
9.04361
1.69445
0.173431
0
30.8164
34.9302
24.6804
30.2438
30.4787
30.035
18.4923
32.3057
31.1829
30.6983
28.8163
18.7823
13.76
23.979
9.57649
5.40927
13.4052
0
28.3211
26.1929
8.51489
29.74
27.7601
27.8753
30.7244
30.0619
29.9178
30.9177
19.5615
14.408
9.12865
10.7621
7.90779
9.6603
25.9555
23.2344
31.2473
28.8059
17.589
31.1571
30.7734
20.6628
32.9467
36.6439
33.8512
28.2314
22.8438
14.3293
6.87768
12.3414
23.8759
0
8.74986
34.4565
33.4718
26.0183
20.997
28.6234
29.9154
25.5269
22.919
15.1717
1.57076
22.7327
27.689
16.5567
18.7605
2.94712
25.3922
17.5247
3.78298
8.75458
0
22.7268
29.0137
25.529
17.009
8.19628
10.6009
25.8588
0
18.9008
10.1752
21.0816
25.4128
0
20.3653
23.842
3.98617
9.84095
0
27.7756
29.1725
24.1255
27.7119
24.9371
30.638
10.6248
0
21.3614
9.85706
10.0826
12.8009
0
20.5148
24.15
13.8679
2.031
7.83818
25.0801
9.38018
10.8698
11.461
32.5427
21.9838
12.4385
20.64
25.4397
17.5358
27.1348
14.1305
14.4726
27.2329
27.0473
29.1041
6.38281
15.5839
1.07006
0
6.95543
19.9903
19.3597
5.42435
2.45498
25.6772
25.2758
20.9495
18.4658
6.54539
26.1845
17.8221
5.87889
14.5018
0
26.6997
25.1257
15.3782
2.6058
0.553746
9.68312
23.4351
0
12.0946
22.0477
25.7962
21.211
2.49335
16.1085
26.8615
6.01487
13.7366
0
28.7882
30.0223
29.355
26.192
17.7895
31.2276
22.0727
0
21.2976
12.087
18.5159
20.6584
0.554167
22.9339
16.9345
0.535892
3.84274
3.92055
23.5589
19.6033
10.598
28.3593
34.1773
18.4858
17.833
8.95519
27.3894
7.97693
27.8747
16.9614
0
27.1706
25.3214
23.1811
0
0
0
0
7.94597
12.7536
13.9688
7.13647
25.702
21.0106
19.8313
14.3931
23.9368
10.085
0
17.9142
4.0441
21.5804
0
23.6097
0
9.63273
8.48618
3.33466
13.9372
0
11.3314
18.5182
25.4145
28.4994
15.0549
6.31398
2.69747
26.8874
9.10251
10.2346
0
30.8598
31.4071
25.9586
4.95946
7.80297
32.2927
1.82538
4.59472
20.9139
10.6387
15.6396
25.2501
1.91321
21.0676
17.4411
1.78063
9.15328
0
22.0162
20.1831
27.8725
2.73377
31.7198
19.739
16.8727
0.135369
25.1465
9.58738
25.7157
14.4898
1.23208
25.9249
21.6407
17.545
5.31483
6.03345
0
23.9103
14.6375
21.5582
35.2734
30.8973
30.1587
28.572
28.4795
15.5118
12.0344
12.2379
7.23296
6.01091
0
33.5795
34.014
30.1496
19.9576
34.9704
30.9496
19.3322
30.8332
30.5876
30.458
31.9808
21.7404
16.7626
13.1741
12.0214
3.54081
0
0
29.4854
31.7395
25.1446
27.6346
28.6607
23.8712
25.3116
33.0311
32.5618
30.7582
25.8159
25.4947
11.0406
25.8874
8.29838
0
0
0
30.9766
30.1913
21.0556
31.7534
31.8107
28.5968
22.8364
30.9508
30.7187
31.7725
21.7151
15.3865
10.8138
24.0201
11.3137
23.5887
0
0
31.5061
32.9166
20.2985
29.0167
26.5683
28.1281
31.6961
35.5358
33.8005
29.8262
32.5276
21.801
16.5625
12.107
10.7014
22.8899
0
27.7694
31.4245
30.1065
18.2701
33.9368
35.8873
19.9436
31.6293
34.0981
35.0887
28.1296
25.7403
15.5862
9.82758
9.86502
23.884
4.60312
9.06898
28.9652
28.6562
29.722
18.6377
28.9455
29.1625
25.6874
31.2339
30.9887
29.0202
26.4472
28.7208
12.6788
14.3621
10.1556
21.9678
0
3.70433
33.8107
30.8946
21.876
33.145
31.4769
30.2982
21.559
30.758
32.1584
33.1663
23.1615
17.3832
12.4638
14.5901
11.046
0
0
0
36.492
30.1514
18.9762
28.5802
26.9226
9.06444
8.86833
10.0181
0
0
0
0
0
0
0
0
0
0
0
0
0
0
0
0
0
0
0
0
0
0
0
0
7.86795
0
11.6589
0
0
0
0
0
0
8.41646
0
13.2153
0
3.73772
0
0
1.03585
1.55561
1.37516
0
10.1427
0
11.3411
0
0
0
0
0
0
6.43098
0
14.827
22.0772
6.08861
0
0
0
0
0
0
9.17337
0
10.3303
0
0
0
0
0
0
3.92991
9.40821
13.2212
13.6641
3.7374
0
0
0
0
0
0
10.4461
0
10.9838
0
0
0
0
0
0
0
0
20.9127
6.04562
0
10.256
8.91644
0
4.72382
0.0219455
0
9.9978
12.2237
20.2186
24.1836
10.1594
0
1.64858
25.326
12.6573
26.1503
1.23286
12.481
19.6935
12.7207
12.7269
19.2108
0
11.799
7.88504
2.88907
31.2954
15.7137
17.319
9.36852
1.46965
28.0732
9.15498
7.73359
7.1459
4.10312
18.7008
10.7223
21.1972
13.1468
1.06466
7.68096
8.81882
4.74541
22.624
15.8904
13.2781
12.8071
23.4334
23.6409
6.30884
6.75995
11.0731
0
9.57166
7.70667
14.2833
14.7298
0
10.2265
8.50559
0
27.3054
14.3387
6.16675
0
33.3119
27.4905
16.4303
3.96696
0.608346
3.69924
8.04852
1.46685
6.86713
4.51441
0
9.39818
11.1654
5.79483
0
0
0
0
0
0.68248
27.9328
1.50031
8.1204
15.3376
10.623
5.87659
10.0176
0
3.89914
10.8937
10.3104
14.8561
0
19.2457
12.3352
2.61204
0.703628
0.910521
7.25903
3.71053
8.66181
21.1384
20.466
23.9847
13.2212
2.77202
12.4916
5.62466
2.42295
30.1668
10.5682
14.5845
14.3453
6.68798
27.5638
17.192
10.782
13.7328
0
9.97715
9.25228
7.65578
14.4244
0
11.6404
9.92279
1.03288
26.8228
14.5067
11.0923
9.36578
27.7112
28.5303
9.41888
4.20974
0
0
3.81217
4.64364
9.85924
10.2736
0
12.1116
2.42638
0
29.3369
10.253
2.85369
4.08459
25.1651
17.7685
27.4225
5.58768
4.47721
11.0804
11.9714
0
10.0703
3.11386
0
13.1067
4.20299
24.3216
27.2001
16.0248
16.9866
17.1591
24.8103
17.0439
8.42872
5.19443
13.7133
13.5652
5.55249
20.4223
12.9708
4.64171
0
3.12699
2.60565
27.1089
19.5949
24.4212
12.6672
0.837717
23.0333
13.2419
5.4215
5.60613
4.24108
17.1786
22.847
8.43839
7.3928
0
15.3794
9.09616
1.85079
26.5527
16.2736
12.5541
2.07642
20.7803
11.9878
9.40164
15.5354
8.59081
3.61139
7.25059
10.9631
1.7467
16.2121
14.7112
0
0
0
15.357
5.0892
2.88538
9.09025
12.8215
22.0204
12.4343
18.539
10.4082
16.4715
8.53107
0
0.0874657
10.934
12.0911
10.2
0
9.39992
31.823
31.0698
18.9156
30.8305
30.8073
7.75258
19.2748
7.73373
13.3137
18.1607
4.90526
5.65136
0
11.4995
5.29566
6.90451
0
13.6215
16.8676
12.3227
4.92493
2.17491
14.7525
20.1404
15.0357
9.06808
16.3639
18.2299
22.309
1.84979
0
17.0375
0
0
0
9.92236
10.9059
22.5858
22.2928
32.2941
27.1488
19.6546
14.596
11.07
5.5217
6.26136
18.7659
1.29553
6.21238
15.3274
0
0
0
10.1207
5.04458
6.46413
8.43782
15.1596
22.3945
5.68211
17.8695
14.7338
13.1936
9.5262
0
1.92292
15.1662
13.4945
4.98756
2.43825
0
32.6511
31.8656
20.9569
31.3378
30.8406
19.815
24.3453
9.41989
9.4698
17.2986
0
1.29677
1.25055
12.4446
10.1403
11.114
11.6054
14.8758
18.2679
13.0229
0
7.23335
14.4484
11.6208
8.54839
7.90939
18.5487
18.357
13.267
6.17703
0
15.301
11.476
0
0
16.302
22.5361
15.8195
13.5672
32.6453
33.7822
22.861
23.702
7.50494
6.79363
13.9352
14.8473
8.03653
9.18699
0
8.01176
24.5262
0
28.3029
0
29.1501
23.6239
20.001
14.8241
7.42729
9.65081
12.4541
0
7.91933
21.4812
7.93225
18.5875
0
13.0328
16.7299
0
24.0346
0
28.8375
15.0274
27.0793
14.6788
13.158
7.15048
4.00546
0
4.34511
9.51078
5.35244
20.3367
0
27.4923
12.8569
8.52285
17.0521
17.84
24.9343
0.413517
28.8379
0
15.2217
4.47507
8.4055
6.14207
3.53383
8.46847
9.30317
9.70677
4.66723
30.2189
6.86535
30.4199
8.70663
10.0392
19.133
0
24.4664
21.0982
27.1009
5.96227
8.37951
18.2385
15.2676
6.91623
0.156276
9.52198
11.7694
27.7044
0
30.9003
0
25.705
12.5825
11.4576
19.0632
0
12.7795
11.2657
0
21.0733
18.8035
7.9908
21.6647
0
12.4803
20.6277
0
27.7708
0
29.3888
16.6959
29.3354
15.5056
6.79441
9.0471
10.0146
0
4.7265
18.3198
20.0541
20.1871
0
21.0349
17.1609
1.42024
20.6088
3.22549
27.4655
2.61113
29.335
18.9669
15.7909
4.84718
3.31608
0
3.25498
3.83062
8.52575
19.1803
0
29.5893
12.2778
18.9049
14.9615
0
21.6331
0
26.9711
14.2985
26.8067
7.95383
13.1581
17.4076
12.4479
2.32698
6.39968
3.67732
0
28.1431
2.02472
30.0181
5.11707
20.8532
15.3066
0
21.6616
0
14.4837
2.51548
4.6645
18.9602
16.7089
21.7353
18.9424
0
0
23.71
0
27.929
0
28.9807
9.89754
18.41
16.9289
0.834412
9.06402
2.60264
0
6.89233
20.9491
18.4063
16.9625
0
11.4846
17.5402
4.3606
23.7627
0
28.8271
5.03081
29.4198
8.22288
16.4173
3.94924
0
0
6.0855
13.1074
11.3361
21.1949
0
26.6921
12.8159
16.714
15.4253
0
24.9771
11.602
28.318
6.52745
20.6803
9.70584
9.45826
3.86778
2.26284
3.17463
0.236089
11.748
5.22536
30.2776
0
27.7383
16.9886
15.994
17.4503
12.436
24.5891
20.7952
10.4838
3.38776
12.4372
17.9195
19.006
2.87448
0
15.1606
0
27.7468
0
30.1604
32.3858
29.0986
23.4318
30.9473
26.8177
17.0422
9.89805
6.73097
12.9426
4.31382
17.7592
0.802352
15.4515
16.519
0
21.4449
0
26.4229
3.95365
28.931
6.57673
25.8238
21.8247
5.75842
16.5836
9.43406
12.7402
2.76822
16.6496
1.99543
18.6804
15.6755
22.3039
15.1943
0
21.4155
9.77048
27.4557
30.8202
30.0271
18.4296
23.7894
12.9495
9.95716
5.55823
4.9995
6.91807
1.44024
14.8212
10.7028
29.539
6.81534
22.6394
14.7318
12.3348
21.3221
17.0428
27.4146
13.3288
14.0625
10.4951
19.5704
18.032
16.3372
5.90396
0
11.983
11.0701
28.375
0
29.5232
36.9335
32.5691
22.6431
30.5109
29.6796
21.8692
12.5424
4.96311
14.3484
11.9639
22.9467
0.0880974
4.84379
17.2041
8.55839
0
0
11.3692
13.351
9.26787
22.4583
19.4825
18.3978
12.0318
12.3728
10.0672
15.5555
1.21953
0
0
15.2207
16.279
0
0
0
20.7172
0
0
31.0461
30.101
7.90408
9.25684
15.3265
0
0
0
0
0
3.58409
0
1.81267
0
0
0
0
0
0
0
0
0
0
0
0
0
0
0
0
11.8318
0
15.1429
0
0
0
0
0
0
13.6003
0
17.7039
0
4.31632
0
0
11.7632
12.1816
2.47222
0
16.2035
0
16.4451
0
0
0
0
0
0
11.7261
0
20.2968
26.133
10.1293
7.62033
0.536242
0
0
0
0
16.5211
0
13.7206
0
0
0
0
0
0
10.7831
6.95887
16.6301
11.73
4.17125
0
0
0
0
0.0743745
0
17.6956
0
15.9391
0
0
0
0
0
0
0
0
30.4947
14.2683
5.60885
0
3.52493
0
7.34202
27.7364
10.0008
16.2588
12.6567
16.8774
11.5425
0
0
12.3382
10.9163
0.0548192
22.1991
16.9461
18.1069
9.84819
6.42417
6.51787
9.08654
23.4413
13.3754
8.922
5.17778
23.5531
0
17.1808
9.12025
0
16.8089
0
28.5077
7.10711
10.2169
10.5591
17.0029
0
9.58624
24.2941
10.8665
7.17985
0
22.6763
13.1395
22.6173
13.1269
20.591
8.71915
0.34776
20.4156
11.3154
0
4.57469
17.8342
13.9219
28.8928
14.5564
5.86682
0.97006
0
24.1441
12.0353
6.68197
0
28.1432
29.6764
18.1901
15.2912
6.37007
1.14488
4.87243
0.41578
9.02498
12.6688
0
16.0436
12.9555
12.6521
21.885
8.35766
1.62106
0
26.4003
13.0969
11.7231
0
13.1885
5.36376
0.845447
0
9.29403
0
3.01156
14.019
5.8296
28.4372
20.2276
10.0171
4.45782
0
28.1891
17.1763
22.8557
14.0532
16.5966
12.6322
27.4814
7.41739
6.46934
23.4095
13.9616
5.28046
0
27.4614
12.9521
24.609
11.7355
4.46744
16.2724
27.0588
27.9672
12.4554
5.29695
5.45616
18.2647
9.94105
21.7464
20.4244
8.80566
5.11164
0
25.1289
10.7947
12.4592
6.96647
24.3037
26.2107
14.066
17.9673
7.78551
4.37521
3.11906
4.36
9.97082
30.0046
16.8543
15.0955
6.04066
0
23.6015
7.02372
0
2.2859
19.5605
8.7579
26.5472
18.3396
5.30843
2.42484
0.141204
0
10.6675
25.233
13.896
15.8815
8.63322
23.0499
22.1537
3.34716
5.66956
10.3842
10.5477
13.1074
28.7588
12.423
18.637
7.5964
4.2318
1.6869
0
27.9775
7.81847
5.17116
0.690137
23.9515
17.1806
25.6102
8.54782
0
12.6819
10.4956
24.4733
8.83331
11.1081
4.32084
30.2217
11.9703
13.6192
21.1083
10.962
5.94231
0
25.0686
14.4233
18.691
0.868799
26.9533
18.5593
19.0741
13.5257
3.72919
5.84634
3.44784
18.2821
7.84512
16.6743
8.45888
2.67721
0
0
8.97273
0
8.27249
10.9901
15.3048
29.8764
16.7299
8.67107
4.28573
6.71573
0
10.0812
12.859
16.5971
5.20914
15.7481
0
5.37251
9.99662
0
12.1109
12.9452
6.0797
16.9856
22.4216
9.42515
12.9641
11.0623
0
14.042
9.2531
13.0316
0.145518
13.1242
0
18.2836
9.73575
16.5993
9.39097
6.96086
8.74041
26.7697
15.5082
7.76923
17.9602
10.567
27.6168
8.10871
5.64552
7.96252
1.20531
6.52097
0
15.1157
0
30.4171
7.66807
6.57535
8.05661
26.7266
15.8756
5.17185
5.60686
2.4909
27.6131
9.62274
17.0569
7.50488
0.854836
0
0
13.4199
0
17.8456
9.27369
17.4588
27.5666
13.2127
11.3274
9.12071
9.85972
0
10.7002
11.3998
17.0239
4.03544
9.81162
4.06332
0
7.45964
12.3228
11.7329
1.39309
17.8566
26.3514
18.5529
10.3908
5.54963
11.3142
0
11.9468
11.5386
17.8182
4.68881
15.0043
9.47041
16.0974
17.7371
11.3562
6.72145
4.87817
11.6768
19.1468
18.4057
10.6094
16.179
11.572
15.6398
11.6984
6.69274
6.50992
9.50993
0.569142
0
17.3265
29.9365
12.9064
8.28042
0.563891
14.4885
30.7096
31.2572
8.70165
35.5188
6.30236
27.3733
18.9341
6.57348
15.8247
6.58415
15.6174
0.0401381
17.0197
0
16.0193
29.035
17.0975
9.51555
6.0118
23.7643
11.3041
31.2795
2.56701
31.8986
6.91212
27.9829
9.97209
18.4712
10.9659
0
14.9914
0
12.1879
0
19.9934
13.3264
24.8093
15.3307
0
23.7041
0
29.029
0
31.83
0
23.1547
13.9386
5.77244
10.2719
17.9882
6.65073
0.474322
5.44525
0
27.2709
10.3515
24.5199
18.4349
6.4809
22.1929
16.9804
29.2438
7.04108
18.592
7.09807
28.1499
6.75173
9.31958
0.490815
0
10.9456
28.6178
27.2705
9.5158
31.6638
15.401
20.978
17.4357
4.32658
21.8404
10.5144
18.3333
0.126386
20.4333
0
16.3409
10.6195
5.20724
0
0
21.9259
10.1226
28.686
6.42208
29.6749
7.855
23.3683
15.385
16.0448
13.9546
0
18.528
0
14.1135
7.15091
30.5043
14.9808
11.1879
10.8508
8.91711
20.6868
0.421916
28.8049
11.8061
29.291
6.01359
20.0881
11.6592
0
12.7694
10.7045
9.07479
0.871198
14.4009
26.7787
31.3583
16.2877
11.7338
14.9653
9.35858
22.1691
22.9535
28.7022
0
24.2662
10.4084
19.516
8.06062
0
0
0
3.22547
19.1772
35.4273
9.19242
29.9974
6.86856
7.89935
14.9689
5.27385
21.989
0
16.1998
0.599461
23.1995
0
13.8955
0
0
13.852
9.95996
31.7603
1.54155
35.342
6.51815
29.1228
27.1797
14.117
13.287
7.83049
15.3161
2.86792
18.0045
0
19.0524
0.850216
27.1949
7.88984
8.23452
24.003
1.1425
31.1685
2.34426
31.9088
1.01654
27.9763
8.22608
9.47188
9.95153
0
15.3876
0
8.69706
1.06765
27.4713
10.0858
23.6826
20.9558
0
23.9398
6.7113
29.5785
21.056
31.8418
4.73463
21.8216
5.27395
15.8082
8.81825
6.27093
0
10.8238
9.75744
19.4797
29.9766
7.52874
24.7455
16.1725
0
21.8655
10.321
28.8947
2.64999
20.0325
0
23.2821
9.01671
16.2394
9.1925
7.05584
1.55051
27.7401
30.2079
10.2186
31.0505
14.9511
26.7191
16.4736
7.22641
21.7673
0
17.8221
0
22.0693
6.24415
29.7868
14.983
6.80641
3.45067
27.9066
19.0758
5.40734
28.3189
4.10765
27.4384
8.42416
22.2152
13.8078
0
12.8355
0
18.309
0
18.9396
10.2426
16.1984
27.3657
12.5107
14.4416
6.58102
21.9491
1.63586
28.8353
11.8842
28.2769
8.45859
20.5197
8.76836
0
14.0067
0
9.70206
14.7553
14.9036
28.0622
30.7982
7.47981
7.99414
14.3948
0
21.6008
12.8923
28.1446
2.77758
22.71
0.890679
22.951
10.4652
0
13.4905
10.0437
4.2716
18.5489
35.5251
9.96754
29.048
14.0427
18.7549
18.172
7.4071
21.5472
10.5181
17.6991
0
24.256
30.2469
13.5191
10.0631
1.9503
11.7955
31.5345
15.009
10.3323
18.1893
12.3399
29.6312
9.13901
10.6035
7.37952
7.65458
2.77076
0
17.5195
17.0875
11.8742
11.9503
27.0783
17.6221
18.5736
13.2563
7.12844
13.6515
0
0
0
14.9383
9.98855
0
0
0
7.07367
0
0
0
18.1861
0
8.45893
8.18259
0
0
0
0
0
9.7795
0
10.5733
0
0
0
0
0
0
0
0
0
0
0
0
0
0
0
0
15.3117
0
13.6945
0
0
0
0
0
0
12.9606
0
15.6052
0
7.49555
0
0
0
0
0
0
14.6911
0
14.7789
0
0
0
0
0
0
4.99011
0
18.0998
18.9544
7.53112
0
0
0
0
0
0
16.4709
0
16.1279
0
0
0
0
0
0
7.54107
7.32262
18.201
13.9893
6.18727
0
0
0
0
0
0
14.5472
0
15.2942
0
0
0
0
0
0
0
0
24.4616
14.6987
1.56005
1.44046
4.11239
0
6.96765
0
0
17.1084
12.3459
12.9581
0
0
0
0
0
0
10.9461
0
14.3531
11.1785
5.75424
10.9271
3.65417
0
12.0516
10.4884
0
14.5355
0
16.8413
9.7916
0
0
0
4.93983
8.22974
7.61728
8.00633
19.1802
19.4526
8.84431
0
6.03642
9.13617
0
0
0
16.0021
12.9322
15.762
7.4188
0
5.35373
12.0306
0
0
4.43716
4.75395
18.9597
0
7.43267
6.98464
0
0
0
0
0
20.135
20.4318
21.6432
21.954
1.83621
0
5.15647
0
7.41091
24.3769
12.4834
18.4941
12.425
5.27422
0
0
0
0
0
0
28.7534
14.3936
10.7757
7.7075
4.97605
4.41043
2.05057
29.5446
8.6215
14.2034
6.98361
17.1064
0
12.0865
9.03989
0
0
0
7.00487
2.84901
15.3857
11.7752
19.6433
21.0854
4.69753
0
12.1553
8.35377
0
6.16076
0
19.1017
12.8878
7.53484
0
15.1826
0.632621
11.8919
0
2.86932
14.3819
0.866986
15.9448
0
5.58516
7.00109
0
0
0
5.6161
7.33072
18.7803
19.4682
9.17723
21.9123
0
0
5.4262
0
6.9266
15.0588
0
15.4233
5.64898
0
0
0
0
5.31961
8.51243
0
19.5133
4.08154
4.98917
2.50832
6.85367
0
2.4485
2.0485
0
16.1494
0
14.1851
0
6.39175
8.61522
12.0482
0
0
9.46057
2.62268
16.2776
2.46198
9.33115
6.02527
3.54887
0
0
11.4476
0
12.3107
0
16.7091
0.832047
0
0
0
3.2624
1.67566
4.81749
4.48051
22.1275
1.69341
10.7349
0
1.66559
6.94147
0
0.381813
0
14.5384
0
21.7663
7.64092
3.96246
10.5097
0
0
0
0.574886
0
17.657
6.09149
0.514765
0
0
14.0307
0
0
0
19.192
17.1986
13.4358
7.5476
0
11.6823
0
0
0
15.1127
0.38386
17.9031
0
4.80403
10.6671
0
0
0
10.095
0.970286
15.575
0
14.0432
8.43644
0
0.341161
0
16.0403
0
13.4659
0
16.9498
5.17957
7.24882
0
0
7.74025
15.407
17.2594
0
18.5159
3.87752
17.0928
0
0
12.1641
0
4.49083
0
16.4374
0
18.5059
0
4.1877
6.23214
13.7596
11.2266
0
0
0
13.4712
0
14.599
7.69149
0
0
0
16.1873
0
0
0
18.7442
17.9019
7.25088
9.45575
5.67517
13.9846
0
0
0
14.2291
2.79623
12.9643
4.73286
0
13.0622
0
0
0
14.0285
15.5263
16.9837
5.30258
2.08502
10.1286
0
0
0
18.5201
0.170412
17.1267
12.867
13.6627
12.7297
0.047293
0
0
7.61659
7.60925
16.3319
0
14.1411
11.1222
10.9729
0.304683
0
14.5803
11.9974
0
0
19.9555
16.6663
12.8377
6.44432
0
8.02428
16.0373
4.78253
7.98786
7.90514
6.50693
18.9224
6.03512
11.059
0
8.44535
10.1274
0
4.64007
0
15.8808
20.1458
16.7934
7.50901
0
6.58299
12.2729
0
7.49639
4.52381
5.83779
14.9969
0
5.50738
12.501
0
0
0
17.5353
0.699621
15.9421
14.2845
17.0271
9.99487
0
0
5.65951
0
0.141944
13.9073
0
22.1043
11.5939
7.10765
0
5.38723
0
0
4.87892
0
15.9704
4.63736
9.60018
6.74434
2.59402
0.119625
6.19149
0
5.72117
9.61488
6.15564
24.41
0
6.79045
0
0
0.608935
15.786
15.1219
0
16.1071
11.4673
17.1432
7.34391
3.58517
0
12.4889
10.8003
0
11.1038
0
18.7672
13.1524
6.78661
0
0
5.21033
11.861
0
5.35876
13.648
4.85114
15.7182
0
0
9.95158
0
2.60158
0
18.2846
7.60901
22.8973
14.3202
6.81617
9.21203
6.18332
0
5.31386
0.0174643
2.47327
18.8236
0
23.6848
9.84753
0
1.76168
0
0
0
11.0383
14.4875
17.7217
5.77029
0.238289
0
2.99773
0
8.36926
4.95237
0
17.4535
12.2295
11.8065
0
0
0
0
0
9.2519
21.3437
3.80249
16.1905
16.0715
6.10513
1.65023
1.37499
0
0
12.2208
0.548633
15.7135
0
16.0747
0
0
2.78775
0
2.97316
0
5.27722
1.0386
16.5459
16.5219
6.38923
0
0
10.9962
0
5.44727
0
14.8926
0.0179232
22.1885
0
0.518111
6.49949
0
0
3.70759
8.77343
0.96013
19.2141
0
18.8799
7.28539
0
0
0
1.87086
0
16.9878
0
14.4058
5.64517
0
0
3.90556
0
9.49718
10.4958
0
17.9672
2.68605
12.6459
0
0
0
11.9636
0
2.9286
15.4195
4.36349
13.0123
0
0
0.829467
0
15.4686
0
12.69
0
17.9357
5.33818
7.2591
0
0
4.23097
16.0895
17.5308
0
14.8637
2.31411
15.6264
0
0
10.804
0
4.41182
0
18.0701
1.92028
17.0435
11.3863
6.64605
5.21778
11.2827
13.5313
0
17.8441
0.697955
12.2163
0
16.2183
7.84854
0
0
0
16.0541
0
0
4.88882
20.6771
15.3312
6.90026
8.08751
0
13.8861
0
0
0
18.543
4.43377
16.4424
0
0
7.7213
0
0
6.32025
17.9467
14.2509
20.2033
2.32243
6.03633
0
0
0
0
17.0237
0
18.666
0
13.3941
8.16495
0
0
12.306
4.17293
7.78748
16.9951
0
16.8052
11.2914
11.5805
0
0
12.8694
12.1166
6.69606
0
17.9097
17.3201
14.5615
6.59495
0
4.75695
16.9285
15.0057
5.82495
19.2571
6.43371
19.5544
0
7.17297
10.3833
6.10828
1.78929
0
17.6098
0.71976
7.76842
13.1761
19.0847
12.4042
3.26609
12.0092
0
16.1683
0
0
0
13.3668
6.4674
0.390736
0
0
9.68957
0
0
0
16.6048
0
12.0662
6.34422
0
0
0
0
0
6.56453
0
15.1561
0
0
0
0
0
0
0
0
0
0
0
0
0
0
0
0
10.4614
0
13.9451
0
0
0
0
0
0
10.0159
0
15.3956
0
6.97011
0
0
0
0
0
0
13.5794
0
13.1132
0
0
0
0
0
0
8.91388
0
16.1044
16.8085
7.65239
0
0
0
0
0
0
12.86
0
13.4294
0
0
0
0
0
0
7.52266
8.86908
16.1193
15.2443
6.37688
0
0
0
0
1.05996
0
13.4981
0
12.4572
0
0
0
0
0
0
0
0
15.0644
8.69757
0
0
8.81668
0
8.25948
5.14476
0
15.2129
12.9325
13.6941
0
0
0
0
0
0
9.42303
0
7.18985
14.5092
7.79093
19.9838
9.36591
0
13.095
14.4452
5.63454
13.3049
0
15.8495
9.82881
0
0
0
5.63891
6.4668
7.59357
11.943
14.9286
9.85621
11.0191
0
7.49945
5.17858
0
0
0
16.7402
14.6823
14.8602
8.40689
0
7.50291
14.1291
0
12.3887
8.99795
6.98512
14.9823
0
6.58786
6.87028
0
0
0
1.35329
0
15.5493
17.7744
13.4848
8.4061
0
0
7.44869
0
10.4021
10.4849
0
14.5441
12.8232
6.48976
0
0
0
0
0
0
13.4802
0
0.672795
10.349
6.23798
9.81297
12.8727
0
6.28829
13.2596
9.77731
15.3596
0
10.277
5.45445
0
0
0
2.18797
0
9.58832
14.4241
16.4132
9.7535
6.79169
0
13.4904
4.80211
0
7.46767
0
20.2214
14.4748
8.09219
0
6.25092
6.56268
14.6535
0.844992
14.9133
13.247
5.25309
14.345
0
4.32313
4.4937
0
0
0
9.28654
8.96431
16.2425
17.1355
6.86114
15.17
0
0
6.88107
0
9.01936
13.2376
0
15.677
1.30448
0
0
0
0
6.30105
7.40653
0
16.416
0.511572
5.60757
1.77807
9.46947
0
9.35395
1.37189
0
19.3871
6.35106
13.8191
0
2.45127
5.80464
13.4311
0
0
5.80913
0
15.6541
7.31338
9.54951
6.52562
8.011
0
0
4.19395
0
11.8569
0
23.6169
3.04682
0
0
0
5.55525
2.39563
8.4535
10.8558
16.9573
2.18659
9.86778
0
2.56166
5.6821
0
2.87712
0
13.7064
0
16.6074
0
0
10.1022
0
0
0
0
0
15.6671
0.0876819
0
0
0
13.6562
0
0
0
17.6295
9.9279
14.4465
2.50244
0
11.3042
0
0
0
9.62083
0
11.8253
0
5.5755
5.41502
0
0
0
12.4455
0
11.7747
0
5.75126
4.05119
0
0
0
13.7986
0
10.8199
0
14.671
0.870748
0
0
0
9.38754
8.17975
9.634
0
12.752
0
14.9026
0
0
11.9518
0
1.72959
0
11.3833
0
16.8642
0
0
2.32536
6.12168
12.206
0
0
0
11.2567
0
15.0118
3.42114
0
0
0
13.2407
0
0
0
11.8709
15.8843
6.30989
5.36543
7.81699
13.6933
0
0
0
12.903
0
3.3159
6.85479
0
11.5617
0
0
0
17.4035
12.3616
15.1391
0
0
6.79117
0
0
0
11.734
0
13.9502
12.6987
14.6475
7.00053
0
0
0
11.9094
1.52264
8.19287
0
10.3909
13.8908
8.14088
0
0
15.0348
13.2837
0
0
13.0405
9.43695
14.1618
7.68
0
5.28799
8.69539
17.4004
7.30144
7.6211
12.575
15.4113
8.28815
8.7657
0
10.4695
4.50214
0
0.102379
0
25.4726
17.2342
17.271
8.77623
0.469198
2.25943
13.3452
0
4.58667
9.03241
8.14596
16.1325
0
16.3716
23.0523
0
0
0
11.8578
0
15.9281
15.7501
15.2155
1.72382
0
0
9.6259
0.794349
11.7272
7.80499
0
13.3388
12.8015
6.14191
0
12.7142
20.7062
0
12.2978
0
13.9604
8.85201
0.794173
8.04238
8.70893
0
9.91369
4.7913
7.11231
11.5095
7.98288
18.2344
0
8.77206
0
0
3.54697
8.30869
6.69069
3.88169
10.5092
15.3423
15.4187
6.25053
6.9094
0
14.0018
6.18059
0
10.9504
0
23.6854
14.3676
7.2884
0
0
4.39808
13.1585
0.846207
7.46765
13.8673
8.55014
13.3538
0
14.1674
27.231
0
0
0
18.3733
9.04871
19.0534
15.449
8.77949
4.68099
7.63115
0
10.0149
4.53257
8.04055
13.197
0
9.92778
10.0897
0
0
3.52016
19.2086
0
19.2665
12.2959
18.7098
5.82257
0
0
10.1984
0
8.97831
6.85272
0
15.6077
13.3028
14.7796
0
0
0
0
0
1.22903
10.1496
2.8349
16.1564
7.44457
8.91956
0
5.17069
0
0
8.2397
0
14.0602
0
19.4936
0
0
0
0
5.49713
0
7.1629
8.82254
15.4291
16.8627
9.41986
0
4.40851
27.2808
2.00825
5.45679
0
24.7573
0
20.2005
0
0
5.43186
0
0
7.9986
9.51826
7.00191
15.5133
0
11.1241
7.39344
0
0
0
21.0534
0
25.9335
0
14.5652
5.7547
0
0
10.9034
0
8.19442
11.0079
0
15.114
1.3499
8.17174
0
0
3.15174
13.1765
3.65337
0
11.7773
0
4.43671
0
0
0
0
12.7675
0
13.4965
0
16.1321
0.997488
5.16318
0
0
7.43789
7.26793
10.5206
0
9.67814
0
8.82339
0
0
10.1445
0
2.88422
0
9.66372
0
22.7685
12.4436
8.23838
1.70055
5.81785
12.2681
0
10.9048
0
5.33414
0
15.693
3.92076
0
0
0
13.7625
0
19.134
7.03779
23.5418
8.00837
8.64387
4.11637
0
14.7658
0
0
0
14.6308
0
14.0975
0
0
3.82826
0
5.49804
6.54664
14.5731
12.2101
15.7835
0
7.26826
0
0
0
0
11.1035
0
18.2236
0
14.445
3.21374
0
0
13.7242
9.81301
0.965194
10.4425
0
9.3391
14.2166
7.49076
0
0
12.1955
13.2335
6.51712
0
11.5612
9.72225
18.4721
7.82593
0
3.31186
9.3404
13.5188
6.6496
9.43606
8.41337
15.8112
0
6.27804
6.17798
7.5331
0.997562
0
10.5084
0
9.02447
14.4395
17.8536
10.6159
0
11.3983
0
14.4494
0
0
0
11.1614
1.58749
0
0
0
8.51971
0
0
0
12.7814
0
1.63733
1.50548
0
0
0
0
0
6.66325
0
5.19083
0
0
0
0
0
0
0
0
0
0
0
0
0
0
0
0
9.80877
0
9.31345
0
0
0
0
0
0
23.7692
0
11.7262
0
2.70384
0
0
0
0
0
0
17.0266
0
9.0323
0
0
0
0
0
0
16.919
0
15.8971
12.2724
3.6075
0
0
0
0
1.97804
0
13.3406
0
10.3041
0
0
3.54592
0
0
0
8.45406
3.11995
13.1587
10.1788
1.5276
0
0
0
0
12.1806
0
16.9502
0
10.2499
0
0
0
0
0
0
0
0
11.8684
0
0
9.6115
4.02481
0
6.71411
2.19458
0
24.19
7.76384
8.7639
0
0
0
0
0
0
8.37656
0
12.9972
11.2136
5.73592
0
5.33117
0
8.27631
18.4018
0
17.4923
0
12.8621
6.40463
0
0
0
8.81863
4.1258
8.51671
14.9135
14.0529
19.6501
11.1016
0
1.99642
23.4934
0
0.868876
0
13.0687
9.57041
10.8832
4.17847
0
6.72642
8.14916
1.85418
11.8146
16.4864
3.79621
13.2909
0
4.97215
0.0624691
0
0
0
12.9347
0
18.018
13.7322
10.2949
0.779769
0
0
6.67395
0
3.02471
9.04155
0
20.0242
8.40631
0.860664
0
0
0
0
1.27206
0
10.7262
0
4.7356
7.37788
6.08611
0
4.35856
1.82458
1.71891
23.579
2.77086
14.3759
0
18.4563
5.97643
0
0
0
9.65034
0.521778
10.9277
17.9284
13.084
17.2804
18.4508
0
8.30168
19.671
0
9.41542
0
13.7834
9.48125
2.39843
0
5.7692
4.09039
8.57912
12.118
13.1541
17.6203
4.09183
9.7931
0
6.32816
5.66864
0
2.13283
0
17.2214
3.13863
14.8043
12.6538
3.03314
3.00954
0
0
7.48866
1.73455
5.33618
12.1979
0
14.8628
1.62806
0
0
0
0
1.92011
7.5511
0
11.5822
0.480576
2.30403
0
4.9804
0
4.46428
12.0026
0
12.0759
1.54696
10.004
0
12.9393
6.40618
8.15869
3.34871
0
8.00673
1.43415
12.1321
20.6555
11.1547
4.68981
21.7078
0
0
10.0605
0
10.5825
0
12.1089
0
0
0
0
4.78115
0
16.5672
16.5877
16.265
5.29513
6.38162
0
3.89925
0.925126
0
12.584
0
18.2129
0
12.7277
0
0
7.99738
0
0
0
0
0
13.7179
0
0
1.85373
0
12.9492
0
0
0
11.9302
8.33455
10.0508
3.90681
0
8.79803
0
0
0
16.3911
0
20.4386
0
4.28152
6.77251
0
0
0
12.5713
0
10.4528
0
9.40218
5.76556
0
0
0
12.3606
0
23.8719
0
16.0571
0
0
0
0
5.85919
7.40146
9.17431
0
16.2295
0
10.8304
0
0
8.19027
0
15.0103
0
15.8431
0
13.4781
0
0
0.0486412
6.42076
11.0008
0
0.337754
0
8.0501
0
11.8118
4.61912
0
4.17941
0
11.8396
0
0
0
7.71972
12.0315
4.41385
5.40483
1.47778
12.9614
0
0
0
14.5508
0
11.1022
5.02491
0
9.16635
0
0
0
15.4441
9.76215
12.4969
0
0
6.87701
0
0
0
10.9935
0
24.2048
9.1294
12.8452
5.80657
0
0
0
9.99226
0
10.2277
0
11.5904
7.65695
3.37062
0
0
12.5052
8.34841
0
0
16.0493
9.35258
9.61744
3.32289
0
0.537071
9.87939
9.74607
3.1179
15.2416
17.0635
23.176
6.18414
11.9664
0
5.95023
10.4312
0
9.05736
0
15.5409
13.6328
15.2892
4.94763
3.6694
6.83115
8.38324
4.36853
5.4314
16.7943
6.10624
21.7159
0
12.2079
7.36687
0
2.61169
0
23.1202
0
18.4963
10.5399
21.3977
2.21853
0
0
13.6085
1.66465
21.3417
13.5912
0
22.7763
8.51339
8.65531
0
1.58064
8.35502
0
5.40615
0
20.6731
1.4075
19.9573
4.04662
8.31308
0
6.93693
2.2448
2.38731
7.98999
2.867
22.1448
0
10.1911
0
0
0
8.02858
7.79964
0
18.8561
19.489
18.2444
15.9482
4.24835
0
8.54205
15.13
0
14.6754
0
18.9961
9.67559
9.07902
0
0
6.59648
8.89483
13.2583
2.82197
25.7934
5.82275
19.7565
0
1.74656
7.93712
0
2.29843
0
20.3616
3.961
19.5454
9.98386
7.91832
3.74644
1.68959
0
6.49458
7.95299
18.215
25.3654
0
18.3366
6.24787
0
0
0
10.0535
0
10.1795
8.85123
23.019
5.14708
7.95298
0
16.2948
1.3181
6.98983
12.2505
0
24.8011
7.31822
17.6578
0
0
0
0
3.35601
0
14.4363
0
20.6467
13.8935
9.47101
0
13.2756
1.2508
0
18.5661
0
26.0809
0
10.2237
0
0
0
0
6.84102
0
17.9954
3.56356
23.267
7.88336
12.4964
0
0
7.70794
0
12.5456
0
18.0556
0
16.2701
0
0
9.20788
0
4.64723
6.26408
14.1155
15.4906
21.5857
0
13.7435
16.4755
0
2.42931
0
7.68177
0
16.2853
0
19.9217
4.90774
0
0
17.1944
2.35624
5.20556
16.8102
0
25.9223
0
8.10782
0
0
0
8.09992
13.5776
0
20.1045
0
19.1475
0
0
0
0
11.2829
0
23.9088
0
23.1598
0
5.22226
0
0
3.88835
7.09015
13.3231
0
21.6569
0
17.907
0
0
7.96147
0
14.6305
0
16.8481
0
19.526
8.01778
5.16463
0
5.41752
12.2152
0
13.8889
0
25.6639
0
18.415
4.41169
0
3.66865
0
12.6794
0
5.95554
0.902591
21.5529
7.55331
6.69091
4.56425
0
12.2742
0
7.68399
0
25.1162
0
17.3817
0
0
2.28619
0
0
1.48529
16.0509
7.9348
22.6796
0
9.0493
0
0
1.79515
0
10.761
0
28.2115
0
17.6417
5.24985
0
0
8.50012
8.61709
0
17.46
0
22.7248
7.6949
10.9327
0
0
11.1637
8.34216
18.9925
0
26.2401
8.57393
15.3666
3.3385
0
0
9.8958
10.4314
2.2157
13.1021
1.37999
12.1338
0
1.19333
7.44823
1.83977
8.98183
0
10.8017
0
2.50144
8.92805
13.6199
6.42328
0
8.56554
0
12.6768
0
0
0
12.1733
0.021486
0
0.676858
0
6.62508
0
0
0
16.9997
0
5.27482
2.64132
0
0
0
0
0
7.74873
0
4.63721
0
0
0
0
0
0
0
0
0
0
0
0
0
0
0
0
17.1596
0
12.5562
0
0
0
0
1.96875
0
21.1262
0
17.4247
0
4.62277
0
0
0
0
8.11631
0
19.089
0
9.79951
0
0
0
0
0
0
18.3388
0
16.2017
11.0779
3.8467
0
0
0
0
11.0782
0
18.4886
0
13.8006
0
0
8.94594
0
0.43242
0
17.0133
2.84812
17.7112
9.87011
2.09716
0
0
0
0
12.7435
0
17.9297
0
12.366
0
0
0
0
0
0
0
0
17.6962
0
0
0
1.5141
0
4.28667
11.4042
0
22.0643
8.61984
11.7716
0
0
0
0
0.655877
0
14.6732
0
14.9706
10.4545
2.34862
0
2.113
0
7.88059
18.2212
0
19.4093
0
12.0414
4.93644
0
0
0
6.3807
3.4663
17.4985
12.1465
15.3676
16.7223
6.20482
0
1.9872
16.003
0
9.86241
0
17.1662
9.85836
13.8166
3.42315
0
5.6845
7.98597
4.98679
4.40437
17.7748
5.70521
13.918
0
3.53601
3.56329
0
0
0
13.4583
0
19.4893
12.7629
12.7873
0
0
0
2.47126
2.31986
4.78878
17.797
0
18.6454
8.96825
2.66853
0
0
0
0
10.286
0
17.9396
0
7.1413
7.72006
0
0
2.41497
4.93549
1.32066
20.3063
3.68446
17.2961
0
8.5644
0
0
0
0
6.58669
0
19.053
17.7882
11.5191
12.9994
0.280342
0
7.75604
6.9363
0
17.1362
0
14.7343
10.4809
4.24518
0
5.12713
5.93892
8.29954
12.7128
6.1223
18.8582
6.35344
11.524
0
0.82628
8.82942
0
5.3282
0
18.7526
3.01326
15.254
11.5608
4.23111
2.44294
0
0
2.70606
11.4945
4.87724
18.8618
0
14.976
1.4352
0
0
0
1.27854
1.36341
16.1922
0
16.9106
0
1.81948
0.369607
1.32766
0
2.75079
12.6064
0
19.0959
0
12.5075
0
2.16721
1.50871
8.10534
6.01196
0
11.3347
1.60938
18.3545
7.69819
7.16457
5.81409
0.704399
0
0
6.8853
0
18.9444
0
13.1477
0.387414
0
0
0
5.96082
0
17.9919
6.69429
14.4396
5.31997
4.52215
0
0
3.62734
0
12.8395
0
19.7153
0
12.6592
0
0.0933805
6.7757
0
0.169512
0
0.639941
0
17.685
0
0
4.07298
0
13.7492
0
0
0
18.3838
7.0736
12.1711
2.91759
0
8.88829
0
0
0
16.5477
0
19.4252
0
3.91764
8.55031
0
0
0
12.9576
0.666345
14.847
0
9.50059
5.27577
0
0
0
16.5792
0
21.1478
0
16.1087
0.119421
0
0
0
3.84164
5.10128
15.2386
0
17.9223
0
9.3776
0
0
9.77381
0
18.0288
0
19.4357
0
11.0511
0
0
2.3703
6.02114
12.1754
0
9.56482
0
7.71919
0
12.6382
4.21885
0
8.97975
0
16.2864
0
0.427885
0
15.6942
10.273
3.66051
6.30576
1.87945
13.7087
0
0
0
16.3179
0
11.419
6.74284
0
9.37648
0
0
0
17.9031
9.40051
16.1684
0
0
7.17783
0
0
0
16.9932
0
21.8419
9.77745
12.1074
4.99205
0
0
0
9.01043
0
14.8692
0
13.6406
10.2669
2.02152
0
0
14.618
7.82124
7.97119
0
20.4936
6.11633
8.9914
2.57374
0
4.98496
5.66583
3.48711
2.4127
17.4632
6.08921
15.2812
5.36957
7.544
0
4.38105
16.393
0
9.5749
0
17.8518
12.6023
17.1449
4.04218
2.16022
4.00904
7.86842
4.99146
6.83148
18.0183
2.11674
13.2283
0
6.84324
6.399
0
0
0
13.3395
0
19.1508
9.89971
14.1289
2.48595
0
0
4.66416
2.06779
7.59739
18.0444
0
19.4138
9.73984
3.63852
0
0
1.21034
0
10.5065
0
18.0372
0
10.8888
8.83623
0
0
2.69205
5.15364
2.31083
15.9644
3.11534
17.4932
0
3.68731
0
0
0
2.33413
5.7121
0
18.8139
11.7623
13.9468
4.18656
0
0
8.15229
17.8786
0
15.8827
0
16.6418
8.99615
6.69416
0
0
4.50021
8.04725
12.7675
5.83001
18.7083
2.84628
12.3444
0
0.0286208
8.94663
0
5.28816
0
19.4671
4.21847
17.465
10.0447
5.00722
3.8824
1.85718
0
3.94797
10.3967
8.58201
18.7441
0
11.1188
5.65392
0
0
0
2.37808
0
16.636
9.43651
16.4323
1.5018
0
0
0
0
2.68716
13.0592
0
20.579
8.95655
10.2783
0
0
0
0
6.51932
0
12.7948
0
18.4465
5.13316
3.901
0
0.375636
0
0
17.968
0
19.5335
0
11.5867
0
0
0
0
5.85797
0
17.9927
4.9946
14.8269
5.98556
4.71667
0
0
3.4343
0
12.9836
0
19.6835
0
16.8425
0
0
5.14667
0
1.51407
5.45086
17.8445
8.29633
17.3044
0
8.89821
3.73379
0
0
0
9.86501
0
16.7347
0
11.7089
4.27436
0
0
0.779561
4.92103
2.63988
18.7362
0
20.5693
0.694873
4.335
0
0
0
7.71508
14.1207
0
15.6106
0
7.31361
0
0
0
0
15.5212
0
21.0052
0
14.6017
0
3.3313
0
0
2.42629
3.51415
15.1083
0
17.1319
0
10.2459
0
0
7.66562
0
17.4829
0
16.6083
0
11.8825
6.97805
6.31388
0
5.58319
12.375
0
16.1742
0
11.1541
0
15.0727
4.29948
0
8.56023
0
16.3063
0
1.54867
0.291238
19.2537
3.25824
2.57655
6.55474
0
14.3665
0
0
0
17.0698
0
14.5881
1.88356
0
3.51751
0
0
1.88321
18.0412
8.10051
16.4365
0
3.21502
0
0
0
0
15.8866
0
21.8401
0
14.212
4.35235
0
0
7.90415
7.18032
0
15.1647
0
14.1937
10.2516
4.33035
0
0
11.7364
7.96251
18.8025
0
17.6906
6.73042
15.5845
3.41746
0
0
5.74671
14.8757
1.48343
17.3154
3.47933
11.3536
0
2.69787
7.74106
1.5023
16.068
0
15.9703
0.824865
3.16796
8.90253
15.4058
4.74303
0.176463
8.38272
0
16.495
0
0
0
13.8931
0.652088
0
4.39428
0
3.89473
0
0
0
18.8654
0
6.09935
2.49019
0
0
0
0
0
16.5768
0
12.4659
0
0
0
0
0
0
0
0
0
0
0
0
0
0
0
0
17.8576
4.49599
10.0888
0
0
0
0
0
0
13.0162
0
14.8061
0
0.709248
0
0
0
0
0
0
20.3887
0
15.8628
0
0
0
0
0
0
18.8276
0
21.1831
14.4391
3.02781
0
0
4.14958
0
3.58403
0
16.7421
0
6.72376
0
0
8.50317
0
0
0
13.0543
0.0114617
13.0577
7.04793
0
0
0
0
0
10.4702
0
20.8886
0
15.8781
0
0
0
0
0
0
0
0
16.2569
2.20938
0
0
0.268992
0
0
3.92815
0
16.671
5.39884
9.21041
0
0
0
0
0
0
10.5248
2.56608
20.2059
9.48162
2.61658
0
0
0
4.63739
15.1868
0
20.746
0
17.3074
4.83923
0
0
0
1.6134
0.0508313
13.5908
5.88282
16.1065
5.83623
2.59907
0
0
15.24
0
2.42304
0
16.1682
8.09376
7.66787
0.969319
0
3.11409
5.3145
0
2.08511
18.4516
1.28637
19.362
0
3.24929
0
0
0
0
11.3144
0
22.1169
18.1141
10.63
5.32849
0
0
2.71679
0
1.44066
13.8067
0
15.5997
6.17751
0
0
0
0
0
2.92911
0
10.4655
4.68585
15.2429
6.56146
0
0
0
0
0
11.9948
0
21.0371
0
5.96711
0.515506
0
0
0
6.1438
0
15.9318
8.41411
14.6215
6.21992
0
0
5.17042
4.31245
0
14.4014
0
15.5744
8.80362
0.342257
0
14.0749
7.05736
6.0197
10.6701
2.4304
20.6724
2.03144
13.8444
0
2.03103
8.96543
0
0
0
19.2251
0.241525
20.9377
14.7661
4.14324
5.13548
0
0
2.88463
3.74063
3.02834
15.9126
0
13.2714
2.46928
0
0
0
0
0
10.7741
0
9.48363
0
3.39403
0.405964
0
0
1.80209
10.3651
0
10.6436
0
16.5052
0
2.18221
1.34386
5.17804
0.381157
0
14.8915
3.29156
15.983
0.091373
2.66976
3.24822
0.925984
0
0
6.90752
0
15.3459
0
9.80229
1.02975
0
0
0
3.5671
0
18.3879
2.77419
19.6765
2.89428
2.43252
0
0
0
0
10.7042
0
21.4376
0
17.9435
2.21597
9.32449
5.82226
0
0
0
7.84772
0
15.4564
0
0
5.38993
0
11.5763
0
0
0
15.672
15.6005
11.3518
0
0
8.0395
0
0
0
17.8661
0
13.0716
0
4.73813
3.35214
0
0
0
12.5863
7.83978
16.2102
0
12.15
0
0
0
0
14.4257
0
11.7415
0
16.4114
0
0
0
0
5.93109
10.9464
14.3756
0
20.1163
0
13.3968
0
0
8.76683
0
17.2621
0
17.2691
0
16.9419
0
2.40078
0
14.7666
9.64324
0
1.6726
0
14.7912
0
9.95436
0
0
8.77432
0
13.5092
0
8.0037
0
12.5784
14.2644
3.84637
2.32748
0.181914
11.1471
0
0
0
20.1105
0
8.22582
3.11746
0
8.00509
0
0
0
18.4316
15.0759
15.3748
0
0
1.67748
0
0
0
16.2798
0
14.8747
6.28224
12.2139
1.32599
0
0
0
10.0851
2.62569
15.9085
0
20.0337
5.49851
3.70595
0
0
12.4324
5.15729
0
0
19.2109
15.2311
6.40008
1.97154
0
0.0925342
15.5158
4.72027
0.166641
13.4303
7.42291
16.1712
3.20048
5.37892
0
3.8751
15.3615
0
2.69851
0
16.1471
17.1303
9.29039
1.56366
0
5.57797
5.13329
0
1.52786
18.4393
4.31806
19.3527
0
0.357662
4.83261
0
0
0
11.2895
0
22.1502
7.0835
12.0769
6.73078
0
0
3.42238
0
0.753318
13.1978
0
15.4033
7.09072
2.59525
0
0
5.16144
0
2.81194
0
9.94551
0
15.0813
2.28865
0
0
0
0
0
7.5243
0
20.0124
0
4.34346
0
0
0
11.5952
8.99024
0
15.9195
9.72718
12.5233
0.258498
0
0
5.86963
17.1442
0
12.08
0
15.5561
6.27129
0.3378
0
0
6.01414
5.358
10.5804
1.84136
20.5656
3.34432
14.2954
0
0
9.37533
0
0
0
19.2015
0.477184
22.7732
7.57641
4.22875
0
0
0
3.33246
5.34563
2.15042
16.4422
0
7.69176
4.09364
0
0
0
5.77862
0
12.7934
15.3076
12.1563
3.09486
0.984749
0
0
0
0
10.5964
0
13.727
5.42377
17.1389
0
0
0
0
0.603117
1.7966
15.5709
2.98075
15.8993
5.52342
2.72902
0
0
0
0
14.757
0
15.1101
0
9.78745
0
0
0
0
5.91831
0
18.3972
3.03338
20.4741
11.5098
5.89983
0
0
0
0
10.9417
0
21.5551
0
17.9294
0
0
4.26532
0
0
3.12433
13.8899
2.58489
15.7929
0
4.90865
1.1188
0
0
0
5.77359
0
15.8993
0
10.884
0
0
0
0
0
0.358144
18.3531
0
10.7462
0
3.09181
0
0
0
5.12584
12.3019
7.49613
15.208
0
8.31086
0
0
0
0
12.9898
0
11.1423
0
16.076
0
0.0852331
0
0
3.44613
11.1162
14.7842
0
19.7398
0
11.9665
0
0
5.87026
0
16.9995
0
16.7104
0
15.4746
4.83011
2.33721
0
14.1846
10.2029
0
15.7999
0
13.4474
0
12.1436
0
0
9.14192
0
13.4749
0
7.02224
0
14.7223
11.4211
2.64393
1.99722
0
10.0232
0
0
0
20.317
0
11.7592
1.26509
0
5.3908
0
0
0.457566
18.5587
14.6182
15.2374
0
3.83762
0
0
0
0
15.4507
0
16.9931
0
11.4163
0
0
0
5.14264
7.25129
3.32082
15.489
0
20.016
5.47282
5.49075
0
0
9.65977
4.85681
14.2292
0
20.4438
15.0758
5.9812
1.46093
0
0
15.2968
12.6698
1.29431
16.402
0
17.1824
0
1.3156
2.90535
0
15.3475
0
15.3048
7.30984
2.37212
6.6078
12.3465
5.32346
7.8213
6.1513
0
13.6942
0
0
0
20.0643
0
0
5.14348
0
7.02539
0
0
0
20.4458
0
6.53862
0
0
0
0
0
0
12.5304
0
13.8181
0
0
0
0
0
0
0
0
0
0
0
0
0
0
0
0
17.3982
0
16.0181
0
0
0
0
0
0
14.02
0
19.0616
0
3.22347
0
0
0
0
4.15438
0
5.35315
0
2.21871
0
0
0
0
0
0
2.81155
0
6.00302
12.5262
0
0
0
3.57494
0
7.92955
0
20.9688
0
15.2508
0
0
0
0
0
0
16.8687
0
18.6593
3.27596
3.20181
0
0
0
0
0.227939
0
6.22456
0
3.24592
0
0
0
0
0
0
0
0
17.8175
0
1.97197
0
0
0
0
8.18656
0
17.5179
0.654283
14.8635
0
0
0
0
0
0
13.9414
0
2.63139
1.64529
0
0
0
0
1.03004
8.95793
0
5.95511
0
3.35187
0
0
0
0
6.80676
0
17.266
0.686778
20.4958
0
2.37899
0
0
3.97951
0
6.71595
0
20.5548
2.10451
13.966
0
0
0
0.869895
0
0
11.4387
0
6.43227
0
2.42394
0
0
0
0
1.63374
0
15.5579
15.4705
14.1198
0
0
0
0
0
0
17.6304
0
18.2464
0.904002
2.04514
0
0
0
0
7.12314
0
18.2957
0
0
0
0
0
0
0
0
17.3773
0
6.42425
0
0
0
0
0
0
1.31911
0
20.5459
2.45431
18.0233
0
0
0
0.91632
0
0
16.1518
0
19.8689
2.0217
0.655313
0
14.1132
2.57589
2.01449
0.340466
0
4.0873
0
3.06309
0
0
0
0
0
0
2.95782
0
8.2649
12.9275
6.2527
0
0
0
0
8.23539
0
20.7784
0
11.9483
0
0
0
0
0
0
17.26
0
18.6626
0
0
0
0
0
0
1.13942
0
19.4202
0
2.62715
0
0
0
0.779516
0
0
12.5647
0
20.0111
0
3.64105
0
0
0
0
0.454094
0
19.5039
0
15.8548
0
0
0
0
0
0
2.24355
0
15.3462
0.889399
0
0
0
0
0
1.0743
0
5.33289
0
11.7099
3.61849
11.8318
6.61451
0
0
0
10.8508
0
17.7956
0
0
0
0
10.9508
0
4.00434
0
18.3091
14.7184
13.0279
0
0
7.92915
0
0
0
14.3051
0
17.5302
3.38229
1.94073
4.7325
0
3.35852
0.80371
11.5126
10.2518
17.3653
0
12.8954
0.117307
0
0
0
13.6986
0
13.0501
2.24371
16.6351
0
0.332261
0
0.828576
3.01494
11.478
14.2887
0
17.3559
0
11.7897
0
0
8.5033
0
6.08787
0
13.0753
0
16.3096
0
0
0
14.3213
9.01558
0
6.6785
0
13.5188
0
13.5798
0.538408
0
0.502086
0
13.0728
0
10.0553
2.24419
18.4796
12.2281
4.23141
2.55624
0
10.3182
0
2.37631
0
16.0918
0
13.0869
0
0
8.14016
0
0
0
14.4796
14.1444
16.7806
0
1.64129
4.86516
0
0
0
17.1998
0
16.3567
8.2671
13.1437
1.63445
0
2.41073
2.96394
7.94193
2.23402
16.1439
0
14.6655
1.16365
2.45653
0
0
11.1283
1.20607
3.81606
0
11.6674
15.2135
5.38301
0
0
2.055
15.261
5.95905
0
17.2385
0
20.3697
0
1.2529
0
0
2.27522
0
6.9148
0
20.3724
15.5432
13.8608
0
0
0.772636
1.02178
0
0
2.60757
0
7.07772
0
0.497629
0
0
0
0
0.96587
0
7.73939
3.10508
13.6329
0
0
0
0
0
0
17.459
0
18.1497
1.12483
1.17279
0
0
0
0
7.07007
0
18.0617
0
0
0
0
0
0
0
0
16.167
0
15.3606
0
0
0
0
0
11.7552
6.66684
0
20.527
2.72165
16.3357
0
0
0
0.971786
6.99927
0
15.8488
0
19.8736
2.51541
0.0862245
0
0
3.3122
1.11816
0.364463
0
4.31965
0
4.01204
0
0
0
0
0
0
3.33721
0
16.0907
4.03895
2.09454
0
0
0
0
8.05343
0
20.7949
0
14.2605
0
0
0
0
0
0
16.5268
13.4022
18.5127
0
0
0
0
0
0
0
0
21.2008
0.861795
3.2042
0
0
0
0
0
3.17579
11.9099
0
20.1634
0
3.78676
0
0
0
0
8.97426
0
19.2817
0
15.7728
0
0
0
0
0
0
2.27053
0
4.5939
11.4158
0
0
0
0
0
0.171387
0
5.59435
0
12.1206
0
0
3.3204
0
0
0
17.6549
0
19.6057
0
2.10095
0
0
0
0
7.37622
0
22.6294
0
15.6555
0
0
0
0
0
0
3.19798
0
19.6524
0
2.54574
0
0
0
1.41749
2.63391
9.99497
16.9038
0
15.2278
0
0
0
0
13.1806
0
12.5996
1.75848
17.6985
0
0
0
1.46709
0.533036
11.495
14.1557
0
16.3742
0
12.2028
0
0
6.425
0
5.95518
0
16.8797
0
16.7473
3.09105
0
0
13.7579
8.3986
0
15.9376
0
14.6999
0
12.0862
1.15702
0
0
0
13.1619
0
10.0875
0
17.0831
12.356
3.55531
3.47656
0
9.88387
0
0.289006
0
16.1087
0
12.7055
0
0
1.27559
0
2.12105
0
13.5769
13.8473
17.2011
0
2.2789
0
0
0
0
16.3887
0
16.2793
3.44943
12.4466
1.64114
0
1.82626
6.69951
5.96644
2.82917
16.279
0
15.686
0.574148
2.0847
0
0
8.68044
0.996541
8.82985
0
17.1147
14.7474
6.91034
0
0
0
15.1199
12.418
0
18.6198
0
15.4736
0
1.51614
4.48558
0
2.19665
0
16.261
10.4407
3.26777
1.68246
15.6673
5.77085
10.2841
7.46659
0
14.3159
0
0
0
15.4781
0
0
0
0
5.35202
0
0
0
14.3128
0
11.2881
0
0
0
0
0
0
16.365
0
16.0694
0
0
0
0
0
0
0
0
0
0
0
0
0
0
0
0
10
5.48445
3.17955
0
0
0
0
0
0
7.72646
0
5.85357
0
0
0
0
0
0
0
0
7.72269
0
6.02356
0
0
0
0
0
0
0.955871
0
9.92008
14.1469
0
0
0
11.9044
0
0
0
6.36189
0
2.9533
0
0
0
0
0
0
0
0
6.64547
3.27308
0
0
0
0
0
0
0
7.1017
0
5.19989
0
0
0
0
0
0
0
0
7.29926
12.2929
0
0
0
0
0
0
0
10.4169
1.32425
2.67056
0
0
0
0
0
0
13.2419
0
7.28725
1.12967
0
0
0
0
1.45668
3.73143
0
8.05026
0
6.77966
0
0
0
0
11.0622
1.47731
0
0
8.49831
0
0
0
0
0
0
0
0
6.46562
2.4093
3.66723
0
0
0
1.24164
0
0
10.205
0
8.91784
0
0
0
0
0
0
0
0
17.1141
18.2845
4.64123
14.565
0
0
0
0
0
0
0
10.2484
0.942614
0
0
0
0
0
0
0
10.9614
6.35461
2.82752
0
0
0
0
0
0
5.76658
0
10.15
0
0
0
0
0
0
0
0
5.60749
1.04258
13.8893
0
0
0
1.11364
0
0
10.2742
0
8.24756
2.84414
0
0
16.6353
10.1304
4.43214
0
0
6.53713
0
6.47682
0
0
0
0
0
0
1.26774
0
10.7908
14.7276
1.42835
13.6256
0
0
0
0
0
5.50263
0
7.87886
0
0
0
0
0
0
9.68348
0
5.23836
0
0
0
0
0
0
0
0
4.50418
0
7.5106
0
0
0
1.09263
0
0
10.1797
0
6.32143
0
0
0
0
0
0
0
0
4.72375
0
5.25633
0
0
0
0
0
0
0.931748
0
17.9932
0
0
0
0
0
0
1.57096
0
7.17837
0
14.3302
2.38738
10.784
0
0
0
0
10.9452
0
19.2625
0
0
0
0
1.41809
0
8.10821
11.3756
17.7922
17.5115
15.3811
0
0
0
0
0
0
14.5168
0
8.9867
15.166
3.06015
0
0
19.234
14.6216
11.259
10.585
18.6375
0
9.23854
7.70148
0
0
0
13.4023
0
6.8443
18.6968
19.8063
0
5.57519
12.3647
17.2515
3.90438
13.1346
6.38833
0
14.9899
0
12.2231
0
0
17.9046
0
2.42796
6.03973
14.0673
0
19.5167
0
7.29913
0
16.3994
0
0
5.88536
0
15.8947
0
14.413
0
0
0
0
3.56305
0
16.0497
16.1856
18.1729
12.5836
5.95193
0
0
1.95897
0
0.36432
0
18.9927
0
4.01036
3.45591
0
0
0
13.5119
6.76595
13.0115
16.622
19.4529
0
0
14.5651
0
0
0
8.40351
0
9.80396
19.4325
14.9256
1.99243
0
17.9518
18.9
7.95466
4.91301
12.8583
0
14.334
2.11027
2.742
0
0
17.5811
1.22833
0
13.4816
19.0725
17.6515
15.0769
4.54705
12.2727
0
17.2698
8.60319
0.0845239
0
0
8.97437
0
0
0
0
0
0
0
0
6.16073
18.0176
3.54057
0
0
11.5871
4.84376
0
0
0.558488
0
10.2711
0
0
0
0
0
0
0
0
8.24945
3.12107
4.59346
15.0767
0
0
0
0
0
0
0
9.34641
1.37199
0
0
0
0
0
0
0
3.89488
0
2.47883
0
0
0
0
0
0
0
0
17.6434
0
0
0
0
0
13.2133
12.9837
0
5.31309
1.74812
5.49729
0
0
0
1.11763
2.18445
0
0
0
7.62468
2.70871
0
0
0
10.3567
4.20747
0
0
6.44711
0
5.93295
0
0
0
0
0
0
1.95226
0
18.1569
3.74179
0
0
0
0
0
1.84503
0
5.64821
0
0.965863
0
0
0
0
0
0
0.126211
16.7903
8.51364
12.409
0
0
0
0
0
0
0
10.7409
1.2704
7.29582
0
0
0
0
0
3.82064
11.5395
0.546625
6.33378
0
0
0
0
0
0
5.34733
0
4.72124
0
4.90476
0
0
0
0
0
0
0.942071
0
8.9914
11.7481
0
0
0
0
0
0
0
6.7375
0
13.2054
0
0
8.90641
0
0
0
0.101048
0
7.14108
0
0
0
0
0
0
0
0
16.8726
0
3.40854
0
0
0
0
0
0
1.0985
0
6.14109
0
2.49232
0
0
0
1.17161
0.820503
11.2532
18.5074
0
14.7949
0
0
0
0
3.48511
0
6.83226
18.1873
19.2526
0
6.08672
12.3723
17.6332
1.40338
12.7955
6.05944
0
19.6814
0
13.1332
0
0
0
0
0.826294
6.08002
14.9732
0
19.4987
12.5405
7.16006
0
16.0738
13.0739
0
10.2908
0
16.1956
0
15.1503
5.50748
0
0
0
4.37856
0
15.7917
0
18.5356
13.8809
5.91413
7.29011
0
20.5958
0
1.45187
0
19.2135
0
8.21135
3.18406
0
0
0
14.529
1.56267
14.1071
16.1187
19.9937
0
3.81811
0
0
0
0
6.09318
0
10.9831
18.6677
14.7681
0
0
18.3483
17.8599
6.25798
4.17206
13.0683
0
20.1389
1.86556
2.2807
0
0
0
1.83853
5.01881
13.5138
19.5655
17.8088
15.8429
7.20312
13.2411
0
18.1334
9.24243
0
11.6425
0
17.2611
0
4.59163
11.9053
0
0
0
8.57645
11.1183
19.1034
2.12774
16.4436
3.78466
10.4287
0
0
4.53513
0
0
0
5.41196
0
0
0
0
0.0393321
0
0
0
8.17479
0
2.30955
0
0
0
0
0
0
0
0
2.89107
0
0
0
0
0
0
0
0
0
0
0
0
0
0
0
0
19.8831
12.3046
0
0
0
0
0
0
0
4.5052
0
0
0
0
0
0
0
0
0
0
0
0
0
0
0
0
0
0
0
0
0
0
9.60122
0
0
0
17.6138
8.05393
0
0
0
0
0
0
0
0
0
0
0
0
0
0
0
0
0
0
0
0
0
0
0
0
0
0
0
0
0
0
0
0
0
12.6381
12.7498
0
0
0
0
0
0
0
6.16959
0
0
0
0
0
0
0
0
19.718
10.4872
0
0
0
0
0
0
0
1.53194
0
0
0
0
0
0
0
0
16.7023
8.12084
0
0
0
0
0
0
0
2.6364
0
0
0
0
0
0
0
0
0
0
0
0
7.63942
0
0
0
0
0
0
0
0
0
0
14.0601
14.5188
1.76047
15.2687
0
0
0
0
0
0
0
7.59509
0
0
0
0
0
0
0
0
19.1084
12.6202
0
0
0
0
0
0
0
3.7492
0
0
0
0
0
0
0
0
0
0
0
0
10.496
0
0
0
0
0
0
8.1022
0
0
0
0
0
14.1397
16.8851
8.52984
0
0
0
0
0
0
0
0
0
0
0
0
0
0
9.58964
0
15.8914
2.02195
0
0
0
0
0
0
3.38988
0
0
0
0
0
0
8.03612
0
0
0
0
0
0
0
0
0
0
0
0
0
0
0
0
0
0
0
20.3634
10.0982
0
0
0
0
0
0
0
0
0
0
0
0
0
0
0
0
0
0
0
0
14.1767
0
0
0
0
0
0
0
0
0
0
9.96727
0
7.77707
0
0
0
0
8.49289
0
24.053
0
0
0
0
0
0
10.9413
14.5218
22.3648
13.79
19.8968
0
0
0
0
0
0
14.999
0
5.57278
20.0526
7.61422
0
0
22.7447
18.9003
6.23935
7.98222
22.7634
0
13.2953
7.35267
0
0
0
18.4053
0
1.93861
22.9858
23.5861
0
7.57078
15.0597
21.2647
0
9.07578
8.78808
0
18.3079
0
9.69975
0
0
21.5553
0
3.48308
7.18064
16.1101
0
23.5491
0
11.8479
0
13.5688
0
0
5.88922
0
13.229
0
19.0344
0
0
0
0
1.9788
0
16.8048
20.1301
23.5739
9.76668
10.1798
0
0
0
0
0
0
22.8283
0
0.997226
8.52493
0
0
0
18.4365
10.4549
16.9411
14.0837
24.222
0
3.99289
17.5082
0
0
0
12.0834
0
7.33741
23.653
19.6513
0
0
21.5091
22.0354
0.0942134
3.40984
16.3501
0
18.0154
0
0
0
0
22.6905
0
0
16.6152
23.0688
14.2704
19.6585
5.27352
15.396
0
14.0856
16.9925
8.09043
0
0
0
0
0
0
0
1.5324
0
0
0
0
14.2717
0
0
0
15.9357
6.14093
0
0
0
0
0
0
0
0
0
0
0
0
0
0
0
1.98702
15.3083
0
0
0
0
0
0
0
7.16207
0
0
0
0
0
0
0
0
0
0
0
0
0
0
0
0
0
0
0
14.3884
0
0
0
0
0
9.7969
19.0774
7.53017
0
0
0
0
0
0
0
4.00465
0
0
0
0
0
0
0
0
16.8269
8.93476
0
0
0
0
0
0
0
0
0
0
0
0
0
14.5253
0
0
0
0
0
0
0
0
0
0
0
0
0
0
0
0
0
0
13.8232
13.2677
12.6925
0
0
0
0
0
0
0
6.66281
0
0
0
0
0
0
0
2.51116
19.4218
10.6364
0
0
0
0
0
0
0
1.249
0
0
0
0
0
0
0
0
0
0
0
0
0
9.74034
0
0
0
0
0
0
0
0
0
9.6939
0
0
16.4746
6.26432
0
0
0
0
0
0
0
0
0
0
0
0
0
13.5412
0
0
0
0
0
0
0
0
0
0
0
0
0
0
0
0
0
0
8.33394
22.8712
0
19.3917
0
0
0
0
0
0
2.50933
23.0758
23.847
0
7.91756
15.2557
21.142
0
9.76345
6.66628
0
22.4786
0
9.59847
0
0
0
0
2.65213
6.90388
16.2962
0
23.6976
17.8165
11.3642
0
13.7561
17.5127
0
11.2425
0
14.0142
0
19.6698
4.8343
0
0
0
1.6237
0
16.8532
0
23.4316
9.54249
10.2836
10.148
0
24.8834
0
0
0
21.798
0
0
8.39838
0
0
0
18.2075
7.47446
17.1131
13.3189
23.2606
0
8.57629
0
0
0
0
7.0719
0
6.98451
23.8627
19.0668
0
0
21.3739
22.9533
0
2.69041
16.5298
0
23.69
0
0
0
0
0
0
1.78566
16.6666
22.4514
14.0537
19.7671
10.3757
15.1762
0
13.8374
13.4401
0
12.5452
0
13.5555
0
8.59177
15.4638
0
1.15257
0
6.6362
8.21913
23.2158
0
18.6528
0
8.68483
0
0
0
0
0
0
4.43143
0
0
0
0
0
0
0
0
2.75938
0
0
0
0
0
0
0
0
0
0
0
0
0
0
0
0
0
0
0
0
0
0
0
0
0
0
0
24.8564
14.7032
0
0
0
0
0
0
0
0
0
0
0
0
0
0
0
0
0
0
0
0
0
0
0
0
0
0
0
0
0
0
5.84104
0
0
0
24.8269
8.56703
0
0
0
0
0
0
0
0
0
0
0
0
0
0
0
0
0
0
0
0
0
0
0
0
0
0
0
0
0
0
0
0
0
18.6925
17.7722
0
0
0
0
0
0
0
2.07587
0
0
0
0
0
0
0
0
29.2155
11.409
0
0
0
0
0
0
0
0
0
0
0
0
0
0
0
0
29.1188
7.71222
0
0
0
0
0
0
0
0
0
0
0
0
0
0
0
0
0
0
0
0
0.128042
0
0
0
0
0
0
0
0
0
0
6.83622
8.91208
5.66911
21.405
0
0
0
0
0
0
0
2.48647
0
0
0
0
0
0
0
0
24.3411
14.383
0
0
0
0
0
0
0
0
0
0
0
0
0
0
0
0
0
0
0
0
5.63061
0
0
0
0
0
0
2.08666
0
0
0
0
0
7.22177
24.6904
8.26486
0
0
0
0
0
0
0
0
0
0
0
0
0
0
6.01704
0
21.1043
2.46179
0
0
0
0
0
0
0.712373
0
0
0
0
0
0
1.37844
0
0
0
0
0
0
0
0
0
0
0
0
0
0
0
0
0
0
0
28.3726
11.2553
0
0
0
0
0
0
0
0
0
0
0
0
0
0
0
0
0
0
0
0
9.2441
0
0
0
0
0
0
0
0
0
0
5.74219
0
1.06292
0
0
0
0
0.972424
0
19.1679
0
0
0
0
0
0
8.61029
9.97373
18.0746
9.74941
16.669
0
0
0
0
0
0
11.6713
0
3.52875
16.2603
6.41958
0
0
17.4364
14.5992
1.2115
0.77016
17.9708
0
11.7171
2.39276
0
0
0
15.1521
0
0
17.1706
19.5944
0
6.73488
10.6589
15.6638
0
5.67039
5.53887
0
11.8933
0
6.49462
0
0
16.6444
0
0.324509
1.20043
12.3273
0
19.4688
0
8.55054
0
8.17831
0
0
1.27526
0
7.1299
0
16.5483
0
0
0
0
0
0
13.5618
15.2912
18.8319
6.76481
7.07537
0
0
0
0
0
0
17.9929
0
2.03154
5.05765
0
0
0
15.7407
7.1823
13.0565
7.10823
18.9055
0
1.16787
12.8956
0
0
0
7.41776
0
0.976047
18.9205
16.3785
0
0
16.5262
17.5498
0
0
11.9427
0
14.3566
0
0
0
0
17.9589
0
0
11.7173
16.8735
9.27728
16.2368
0.735945
10.4276
0
8.95468
29.0709
6.81269
0
0
0
0
0
0
0
0
0
0
0
0
8.8678
0
0
0
21.3381
8.05742
0
0
0
0
0
0
0
0
0
0
0
0
0
0
0
4.85801
21.3976
0.0671238
0
0
0
0
0
0
3.21642
0
0
0
0
0
0
0
0
0
0
0
0
0
0
0
0
0
0
0
8.97935
0
0
0
0
0
6.33393
30.0991
9.11684
0
0
0
0
0
0
0
0
0
0
0
0
0
0
0
0
24.9748
8.65034
0
0
0
0
0
0
0
0
0
0
0
0
0
9.18363
0
0
0
0
0
0
0
0
0
0
0
0
0
0
0
0
0
0
6.90423
19.1625
18.0227
0
0
0
0
0
0
0
3.33294
0
0
0
0
0
0
0
0
28.3122
10.475
0
0
0
0
0
0
0
0.507405
0
0
0
0
0
0
0
0
0
0
0
0
0
7.57314
0
0
0
0
0
0
0
0
0
6.59883
0
0
22.1963
7.78231
0
0
0
0
0
0
0
0
0
0
0
0
0
7.43724
0
0
0
0
0
0
0
0
0
0
0
0
0
0
0
0
0
0
1.01135
17.7668
0
15.7949
0
0
0
0
0
0
0
17.3278
19.1151
0
6.69255
10.7563
15.9682
0
5.71459
2.80365
0
18.337
0
6.91059
0
0
0
0
0
1.60077
11.1259
0
19.8829
14.1576
8.22937
0
8.33691
12.1466
0
9.70997
0
7.18189
0
16.5048
0.520236
0
0
0
0
0
12.5973
0
18.779
5.98054
7.3944
5.86749
0
18.9468
0
0
0
16.7814
0
0
6.12485
0
0
0
15.0493
5.11736
11.4706
7.20597
19.4169
0
6.51975
0
0
0
0
1.00034
0
3.00909
19.7612
17.245
0
0
16.0893
17.9174
0
0
11.2381
0
19.2811
0
0
0
0
0
0
1.08554
11.5213
17.3644
9.5864
16.9879
6.8196
10.5614
0
9.08136
9.73536
0
6.71368
0
9.09257
0
6.32872
10.0401
0
0
0
2.11135
0.290062
17.1612
0
17.1267
0
1.10675
0
0
0
0
0
0
3.82387
0
0
0
0
0
0
0
0
0
0
0
0
0
0
0
0
0
0
0
0
0
0
0
0
0
0
0
0
0
0
0
0
0
0
0
0
26.7695
21.0848
0
0
0
0
0
0
0
0
0
0
0
0
0
0
0
0
0
0
0
0
0
0
0
0
0
0
0
0
0
0
0
0
0
0
23.9549
6.35627
0
0
0
0
0
0
0
0
0
0
0
0
0
0
0
0
0
0
0
0
0
0
0
0
0
0
0
0
0
0
0
0
0
20.0433
18.7817
0
0
0
0
0
0
0
0
0
0
0
0
0
0
0
0
29.1774
21.0226
0
0
0
0
0
0
0
0
0
0
0
0
0
0
0
0
25.5362
12.5288
0
0
0
0
0
0
0
0
0
0
0
0
0
0
0
0
0
0
0
0
0
0
0
0
0
0
0
0
0
0
0
0
1.73534
9.54945
17.2754
0
0
0
0
0
0
0
0
0
0
0
0
0
0
0
0
26.0502
21.2714
0
0
0
0
0
0
0
0
0
0
0
0
0
0
0
0
0
0
0
0
0
0
0
0
0
0
0
0
0
0
0
0
0
0.235204
23.0448
6.82315
0
0
0
0
0
0
0
0
0
0
0
0
0
0
0
0
17.9406
2.41053
0
0
0
0
0
0
0
0
0
0
0
0
0
0
0
0
0
0
0
0
0
0
0
0
0
0
0
0
0
0
0
0
0
28.7266
21.2125
0
0
0
0
0
0
0
0
0
0
0
0
0
0
0
0
0
0
0
0
2.92912
0
0
0
0
0
0
0
0
0
0
0
0
0
0
0
0
0
0
0
17.1943
0
0
0
0
0
0
7.99302
7.81668
15.8305
1.53429
16.2725
0
0
0
0
0
0
8.85351
0
0
16.0455
6.76607
0
0
17.4422
14.5564
0.606031
0
14.9543
0
11.5212
1.94354
0
0
0
14.959
0
0
16.7828
17.3229
0
6.54184
9.28975
14.2594
0
0
4.36702
0
10.6742
0
0
0
0
15.6907
0
0
0.24782
10.8421
0
19.2404
0
8.02726
0
0.555547
0
0
0.988805
0
0
0
15.842
0
0
0
0
0
0
9.76217
13.5334
17.9608
0
7.76635
0
0
0
0
0
0
15.2986
0
0
7.0959
0
0
0
14.8657
7.8285
9.93088
2.3738
19.1772
0
0.609098
10.48
0
0
0
7.86328
0
0
17.9745
16.2016
0
0
14.7713
16.4494
0
0
10.9192
0
12.2658
0
0
0
0
17.5022
0
0
10.6022
15.3614
0.291485
15.9358
0.548908
9.54049
0
1.28348
25.6659
12.9685
0
0
0
0
0
0
0
0
0
0
0
0
1.04251
0
0
0
19.6266
5.64964
0
0
0
0
0
0
0
0
0
0
0
0
0
0
0
10.0593
17.8396
0
0
0
0
0
0
0
0
0
0
0
0
0
0
0
0
0
0
0
0
0
0
0
0
0
0
0
2.67355
0
0
0
0
0
0
25.9467
18.0134
0
0
0
0
0
0
0
0
0
0
0
0
0
0
0
0
23.3261
6.55394
0
0
0
0
0
0
0
0
0
0
0
0
0
2.43088
0
0
0
0
0
0
0
0
0
0
0
0
0
0
0
0
0
0
1.2669
19.5827
19.2599
0
0
0
0
0
0
0
0
0
0
0
0
0
0
0
0
28.7171
21.2109
0
0
0
0
0
0
0
0
0
0
0
0
0
0
0
0
0
0
0
0
0
0
0
0
0
0
0
0
0
0
0
0
0
0
19.5192
5.3636
0
0
0
0
0
0
0
0
0
0
0
0
0
0
0
0
0
0
0
0
0
0
0
0
0
0
0
0
0
0
0
0
0
14.9616
0
16.3171
0
0
0
0
0
0
0
16.2262
18.5281
0
7.50774
8.77417
15.3265
0
0
0.106106
0
15.4678
0
0
0
0
0
0
0
0.349332
10.6256
0
18.3561
13.8903
8.00948
0
2.18835
12.3132
0
8.38226
0
2.20864
0
16.098
0.233859
0
0
0
0
0
11.1867
0
18.3021
0
8.11647
4.46082
0
19.6439
0
0
0
16.328
0
0
6.44909
0
0
0
14.9991
5.94947
10.6852
1.6621
17.6931
0
7.50367
0
0
0
0
0
0
0
18.1197
15.8561
0
0
14.7205
17.4008
0
0
11.0954
0
18.0624
0
0
0
0
0
0
0
10.4127
16.2912
0.949836
16.0505
5.88383
8.6611
0
1.43512
9.6143
0
5.54215
0
3.17464
0
7.72332
8.85359
0
0
0
0.732247
0
15.4412
0
16.9662
0
0
0
0
0
0
0
0
0
0
0
0
0
0
0
0
0
0
0
0
0
0
0
0
0
0
0
0
0
0
0
0
0
0
0
0
0
0
0
